2000
411
23
432
49
409
24
430
51
408
27
392
53
406
28
429
1
536
942
515
911
454
950
512
984
505
961
472
908
517
940
537
1001
433
22
442
14
433
46
379
706
285
639
297
631
286
638
268
620
232
607
925
612
216
786
223
610
907
586
901
593
172
600
233
672
347
678
354
665
326
659
356
966
341
679
345
24
422
51
375
57
391
30
383
57
402
29
424
6
443
12
416
992
434
999
444
990
435
20
412
85
401
58
373
67
369
696
273
633
936
636
293
713
385
36
380
705
387
57
379
66
374
81
378
709
289
626
937
632
280
642
935
524
957
532
980
521
926
724
393
26
409
743
305
648
936
518
938
722
271
699
225
608
205
613
215
691
364
69
367
674
346
963
496
894
595
178
4
444
986
504
912
728
279
644
306
625
248
32
388
716
263
623
243
56
404
28
390
720
268
57
222
611
211
37
379
998
412
13
415
749
911
736
404
13
188
599
244
606
237
626
299
738
953
492
886
749
934
486
876
751
908
584
188
591
214
34
387
973
500
902
752
414
993
381
694
370
991
417
8
177
39
265
718
940
488
943
514
945
489
942
712
949
491
951
744
938
712
983
437
987
502
978
703
965
497
962
675
343
681
962
687
382
965
316
659
336
32
234
82
212
18
216
65
201
39
224
609
255
603
196
69
215
58
174
41
265
622
317
652
338
990
420
759
900
769
939
735
923
749
919
786
898
772
429
5
425
990
448
583
438
1004
377
710
965
698
374
965
680
353
2
393
726
925
746
409
15
175
74
194
586
436
988
346
14
315
660
355
675
970
307
618
286
628
260
53
267
621
231
33
319
641
283
5
305
992
397
732
957
744
947
730
398
972
707
378
962
684
349
668
965
708
984
129
16
162
78
172
98
212
25
203
58
218
599
446
578
458
567
438
599
431
590
209
617
228
594
763
422
8
413
741
408
725
394
994
140
40
188
78
192
8
296
649
331
667
351
955
347
971
694
979
818
897
794
885
772
932
750
903
766
921
784
874
798
865
1
333
664
962
751
917
790
977
704
381
3
321
654
311
647
303
8
299
638
312
988
340
972
394
723
399
729
924
778
877
795
970
368
695
391
718
978
396
702
384
964
318
3
274
12
279
4
285
633
254
982
291
4
288
630
320
964
375
689
362
3
315
988
330
668
350
988
309
5
303
616
270
3
373
989
426
768
582
455
572
492
561
462
576
477
548
466
564
448
586
773
891
786
966
250
626
236
597
211
72
195
30
218
46
263
606
218
50
155
1000
138
79
153
1
123
207
23
224
33
245
31
237
26
206
113
188
93
213
71
990
418
756
328
949
322
651
357
988
319
662
962
660
335
949
341
769
962
672
968
768
941
808
862
818
985
381
970
395
730
943
767
339
676
962
673
349
972
361
654
340
999
334
762
422
761
906
803
872
988
714
384
703
987
446
984
439
581
779
930
790
888
984
321
749
411
745
421
989
126
81
152
9
877
976
301
645
324
752
595
226
601
770
899
779
957
766
338
658
352
666
360
692
371
687
385
988
723
602
225
593
737
403
722
588
205
595
713
400
728
760
332
759
960
791
971
817
848
992
147
74
208
107
167
42
200
67
220
621
292
635
275
986
289
632
271
605
241
598
759
954
780
881
812
857
990
430
579
451
552
503
540
471
558
501
544
438
589
209
603
643
277
626
281
984
268
38
231
36
218
61
165
129
25
230
24
183
117
973
827
942
763
335
670
348
987
347
657
365
697
376
988
382
252
989
435
268
987
342
655
320
661
588
239
624
294
986
301
616
238
587
748
412
225
584
739
614
210
112
86
191
8
923
803
916
831
951
793
866
938
771
913
514
477
569
439
989
423
765
337
445
282
640
276
406
733
413
753
580
702
634
264
627
269
427
772
936
882
7
136
95
184
64
987
279
986
287
402
741
416
316
987
341
669
358
987
313
634
260
611
757
418
261
446
567
482
529
485
574
471
521
558
458
579
742
713
389
719
591
252
442
258
593
220
583
731
627
283
621
750
581
647
328
755
693
390
710
383
304
987
307
397
990
434
321
987
285
986
273
608
219
607
270
986
291
623
236
586
709
990
378
690
363
987
335
989
339
987
324
751
410
990
718
386
989
374
686
365
987
298
651
326
754
327
987
297
615
231
428
774
889
928
31
221
35
203
14
167
119
9
149
45
182
135
160
42
198
111
49
145
991
834
806
948
878
789
870
773
970
785
961
802
971
775
962
759
967
829
939
783
957
759
422
990
432
357
677
358
691
372
699
596
268
238
612
240
619
253
601
765
337
268
629
254
392
300
987
284
630
335
658
309
986
293
646
690
390
346
307
986
245
589
718
383
707
605
264
622
270
597
239
587
732
592
252
601
227
612
738
403
719
387
430
275
437
990
445
287
987
282
434
295
637
263
594
262
440
990
382
260
613
227
584
753
412
751
323
667
741
418
749
417
990
428
770
427
767
424
754
420
749
419
990
442
266
437
247
440
223
426
765
603
696
366
680
347
989
333
221
21
186
13
987
351
260
359
987
355
266
290
987
272
16
270
987
267
994
269
289
987
278
16
274
305
987
343
266
305
631
592
650
303
325
753
638
757
967
775
795
916
894
927
790
843
964
855
918
773
945
861
995
19
56
205
62
123
4
149
217
133
999
850
974
834
895
984
125
53
169
197
21
192
37
218
43
195
95
70
988
968
851
948
802
823
944
812
876
958
853
770
579
745
406
729
398
728
760
735
579
446
371
261
369
253
617
305
329
407
729
405
741
629
276
397
726
402
219
606
266
410
727
610
221
607
653
301
640
660
637
716
652
580
661
313
657
692
358
230
30
162
1001
885
770
886
956
936
778
968
43
121
72
104
215
119
12
882
982
869
914
996
915
949
768
954
766
970
771
807
774
931
965
766
632
339
225
414
737
409
438
407
444
480
445
403
240
607
671
580
668
688
385
691
610
686
384
697
580
711
377
250
273
245
590
769
592
217
591
638
297
253
625
228
623
241
279
629
242
417
745
416
444
480
445
403
226
624
253
611
579
446
580
754
721
761
922
8
149
38
201
23
205
140
59
133
181
126
989
83
27
218
25
216
196
220
188
218
23
209
51
31
60
229
61
9
929
761
935
967
766
796
769
596
745
633
263
235
586
640
579
446
580
754
680
377
702
660
369
233
253
230
399
732
761
935
970
766
786
764
787
763
596
237
604
226
622
238
627
314
253
229
347
247
600
279
599
247
589
769
789
948
766
903
516
909
958
978
109
13
883
959
990
6
51
23
1
170
219
608
579
446
580
754
419
746
421
754
678
354
671
367
679
369
677
371
699
383
685
656
305
635
668
639
663
636
667
750
666
322
251
223
308
246
225
251
217
237
621
642
678
655
579
446
580
754
659
751
654
618
646
672
650
579
446
580
754
652
579
446
580
754
650
579
446
580
754
649
579
446
580
754
627
236
214
193
217
253
220
275
233
419
444
480
445
403
444
480
445
403
444
480
445
403
444
480
445
403
444
480
445
403
444
480
445
403
444
480
445
403
444
480
445
403
444
480
445
403
444
480
445
403
444
480
445
403
444
480
445
403
444
480
445
403
444
480
445
403
444
480
445
403
444
480
445
403
444
480
445
403
444
480
445
403
444
480
445
403
444
480
445
403
444
480
445
403
444
480
445
403
444
480
445
403
444
480
445
403
444
480
445
403
444
480
445
403
444
480
445
403
444
480
445
403
444
480
445
403
444
480
445
403
444
480
445
403
444
480
445
403
444
480
445
403
444
480
445
403
444
480
445
403
444
480
445
403
444
480
445
403
444
480
445
403
444
480
445
403
444
480
445
403
444
480
445
403
444
480
445
403
444
480
445
403
444
480
445
403
444
480
445
403
444
480
445
403
444
480
445
403
444
480
445
403
444
480
445
403
444
480
445
403
444
480
445
403
444
480
445
403
444
480
445
403
444
480
445
403
444
480
445
403
444
480
445
403
444
480
445
403
444
480
445
403
444
480
445
403
444
480
445
403
444
480
445
403
444
480
445
403
444
480
445
403
444
480
445
403
444
480
445
403
444
480
445
403
444
480
445
403
444
480
445
403
444
480
445
403
444
480
445
403
444
480
445
403
444
480
445
403
444
480
445
403
444
480
445
403
444
480
445
403
444
480
445
403
444
480
445
403
444
480
445
403
444
480
445
403
444
480
445
403
444
480
445
403
444
480
445
403
444
480
445
403
444
480
445
403
444
480
445
403
444
480
445
403
444
480
445
403
444
480
445
403
444
480
445
403
444
480
445
403
444
480
445
403
444
480
445
403
444
480
445
403
444
480
445
403
444
480
445
403
444
480
445
403
444
480
445
403
444
480
445
403
444
480
445
403
444
480
445
403
444
480
445
403
444
480
445
403
444
480
445
403
444
480
445
403
444
480
445
403
444
480
445
403
444
480
445
403
444
480
445
403
444
480
445
403
444
480
445
403
444
480
445
403
444
480
445
403
444
480
445
403
444
480
445
403
444
480
445
403
444
480
445
403
444
480
445
403
444
480
445
403
444
480
445
403
