2000
400
23
423
36
440
24
392
35
399
24
414
36
391
48
386
36
432
20
425
2
393
721
379
48
374
698
370
48
382
36
398
2
411
37
422
24
418
2
435
19
441
900
512
915
518
929
523
943
528
959
490
862
481
938
526
952
477
925
614
262
626
287
639
275
626
304
635
294
648
300
620
926
625
315
641
273
611
925
607
291
636
340
678
356
46
361
684
352
46
392
4
387
35
371
47
375
35
403
992
513
897
505
940
501
888
482
859
491
912
519
992
517
930
468
960
462
944
474
916
511
957
467
863
487
901
579
905
584
901
587
182
595
902
591
182
598
902
600
231
612
905
609
278
639
267
628
254
634
311
626
907
621
271
612
211
16
442
1
406
23
431
37
397
719
387
713
382
704
373
62
368
48
384
36
412
998
426
16
194
30
183
803
167
793
179
834
194
10
542
914
448
907
623
263
46
345
665
949
464
917
447
910
541
7
544
920
451
902
537
990
427
997
395
729
386
5
377
697
390
49
366
63
363
683
375
978
370
62
355
977
340
46
336
664
956
460
936
761
957
676
357
966
533
914
482
851
184
21
424
50
409
743
953
465
951
680
348
62
262
637
282
624
319
618
906
616
228
596
253
932
245
31
178
839
197
9
160
779
936
509
905
581
167
1000
408
740
957
530
908
759
964
532
918
494
872
496
894
439
50
239
628
907
785
176
835
996
433
19
149
996
161
776
954
678
369
700
372
988
518
922
238
608
288
946
761
929
248
938
471
867
504
887
502
874
495
900
786
163
794
166
582
901
592
236
939
243
623
254
784
932
265
41
147
1000
401
734
391
724
398
27
405
748
949
668
333
965
321
647
303
655
948
670
945
473
984
127
36
369
974
118
997
155
17
437
579
782
934
457
950
298
650
336
644
308
961
461
963
338
649
287
615
210
76
259
617
219
65
258
792
897
442
905
607
215
586
187
587
166
589
901
585
223
597
902
602
205
14
212
70
281
48
396
4
858
488
953
665
335
965
687
951
275
610
214
599
234
27
394
727
952
746
403
23
224
52
145
1001
111
963
772
941
499
880
791
929
521
921
784
911
758
948
659
353
982
371
693
965
311
44
315
946
493
856
484
925
244
950
278
60
222
610
264
937
527
944
777
937
753
411
755
967
108
256
788
905
614
268
38
224
584
436
561
776
962
740
953
659
349
46
330
969
697
375
706
974
699
367
37
381
708
287
950
529
942
748
951
313
653
948
651
952
102
260
49
378
694
384
27
201
81
208
618
246
949
317
638
281
938
490
578
446
950
291
632
295
948
684
347
661
948
672
331
666
358
46
333
2
178
53
141
1003
871
795
895
805
983
367
986
357
974
780
253
929
785
919
481
959
740
397
726
955
448
564
503
893
815
886
15
204
78
175
43
303
630
259
41
192
17
441
572
774
588
430
24
209
593
217
613
773
953
716
389
731
954
94
191
54
260
594
214
620
259
795
903
790
257
86
193
601
214
785
212
606
202
16
166
64
139
22
881
504
572
454
584
427
589
415
11
429
47
380
999
152
989
251
937
257
37
364
666
958
670
328
664
346
987
356
688
781
923
58
229
112
174
5
889
806
866
13
172
32
218
584
768
423
766
954
246
93
979
706
284
636
309
612
221
786
223
916
233
588
222
26
884
823
988
525
929
747
925
515
558
458
981
380
710
383
698
959
727
385
717
908
770
693
950
525
452
962
450
576
466
828
981
457
976
455
972
703
374
982
359
678
353
682
963
757
954
285
45
280
950
731
957
526
984
521
944
637
276
627
268
620
232
24
410
745
402
997
893
798
857
990
713
953
657
330
650
952
719
920
522
462
954
325
666
359
972
696
376
691
977
705
753
912
46
160
79
136
59
927
761
939
251
931
248
32
417
24
420
992
716
404
589
226
598
764
966
352
999
839
966
121
188
21
888
28
230
626
299
651
339
996
841
935
42
218
605
261
633
332
636
297
616
201
611
206
14
433
582
758
413
757
601
273
40
265
337
960
252
777
906
507
471
830
977
101
956
713
737
394
976
689
366
675
345
984
84
198
123
995
721
395
43
389
711
379
978
114
963
298
28
945
645
314
629
938
627
256
78
983
715
949
772
919
238
931
241
39
939
768
958
785
209
433
263
630
292
946
789
586
778
966
91
217
74
226
622
277
631
672
958
673
779
646
306
961
848
809
979
847
987
710
772
875
16
168
5
439
578
781
861
496
574
478
833
997
142
67
920
38
207
594
424
286
630
269
41
246
969
772
580
756
607
267
631
259
616
197
609
215
119
973
862
1000
150
5
183
98
134
183
25
218
18
931
227
918
41
253
955
661
341
985
819
962
690
368
683
358
678
343
960
759
968
785
872
991
106
207
32
885
979
693
746
772
587
781
966
681
623
284
639
301
958
306
970
305
635
259
637
660
368
994
363
421
264
437
217
612
210
603
739
660
324
657
693
967
768
932
761
935
805
983
704
580
431
20
440
535
558
519
914
41
221
19
909
518
916
57
290
648
299
966
96
189
88
253
41
269
428
204
46
235
33
245
311
636
302
651
330
646
283
627
263
53
908
987
338
664
322
426
20
442
376
690
369
979
837
997
864
995
275
628
583
773
624
230
584
779
883
13
926
248
962
771
877
989
256
134
989
851
777
662
742
595
413
598
405
599
424
380
697
954
709
589
769
580
610
226
598
763
957
251
435
233
593
223
618
237
138
985
898
820
471
921
50
231
617
220
590
213
24
925
473
926
610
270
440
219
293
406
20
412
359
684
356
666
349
260
289
432
369
676
961
744
958
316
961
737
962
763
575
782
254
69
1
897
37
923
14
163
127
104
203
65
944
775
251
114
987
831
474
928
770
683
362
980
324
657
318
954
321
980
893
23
425
280
53
267
641
947
645
941
650
300
635
274
451
576
693
365
681
359
675
365
276
698
372
684
378
418
339
668
629
288
616
651
947
643
941
653
947
659
942
668
643
664
322
363
666
942
661
576
727
954
759
957
744
949
766
947
802
976
814
944
783
975
875
989
130
976
818
959
790
954
854
999
276
453
578
774
585
232
191
163
997
117
259
114
995
841
922
770
930
902
29
209
15
876
827
464
436
579
485
567
466
521
444
2
387
715
754
662
580
756
963
103
985
241
388
706
391
703
674
760
736
688
744
953
822
968
91
963
803
770
576
767
619
277
445
229
60
261
631
268
625
311
406
988
118
70
966
90
996
143
983
398
725
754
603
225
427
200
220
167
2
873
916
799
879
12
274
985
67
158
1003
439
578
515
440
5
95
995
114
979
134
990
46
218
28
195
604
739
592
217
152
23
894
37
264
608
765
581
702
380
441
291
47
266
297
636
660
370
970
245
221
241
388
261
59
229
56
209
33
256
315
949
303
632
580
782
974
696
368
676
357
256
979
832
983
843
995
883
13
179
7
901
768
683
617
704
621
778
879
18
204
37
916
6
900
508
579
487
445
234
447
225
257
42
237
191
211
155
1003
861
963
771
884
952
66
222
258
442
363
682
615
268
637
274
47
203
225
197
220
104
960
763
618
271
310
961
271
622
263
433
233
432
261
631
273
636
277
629
274
635
298
647
283
417
231
424
235
612
210
613
590
759
734
651
300
639
605
763
786
976
877
941
921
32
213
114
244
986
305
414
277
622
288
308
986
250
230
251
229
58
222
200
147
996
930
18
932
770
687
593
214
153
202
51
31
218
48
263
283
260
349
412
432
209
420
400
433
261
60
222
66
952
896
1
867
770
796
966
70
234
69
39
218
168
205
45
20
877
942
909
948
903
949
880
11
995
841
776
588
756
721
686
379
443
503
445
277
257
139
208
67
28
8
71
1000
962
763
597
742
660
637
657
678
658
586
236
431
397
727
704
631
259
618
766
680
728
691
586
639
274
252
272
441
471
445
381
686
388
717
386
983
829
772
835
482
443
377
700
374
690
370
683
373
696
378
697
382
690
595
630
283
631
671
647
670
649
321
956
317
653
694
660
742
662
754
694
391
433
388
434
373
683
616
271
249
989
251
271
623
263
301
639
599
631
269
41
253
233
435
261
388
260
281
317
337
268
289
260
290
955
95
962
771
960
6
916
20
987
275
620
224
609
632
335
665
632
685
600
633
664
693
673
697
668
335
665
356
675
708
673
354
973
860
1000
870
14
967
70
987
867
993
861
956
936
39
249
36
916
958
978
365
676
740
662
638
658
631
662
638
658
631
662
638
658
631
662
638
658
631
662
638
658
631
662
638
658
631
662
638
658
631
662
638
658
631
662
638
658
631
662
638
658
631
662
638
658
631
662
638
658
631
662
638
658
631
662
638
658
631
662
638
658
631
662
638
658
631
662
638
658
631
662
638
658
631
662
638
658
631
662
638
658
631
662
638
658
631
662
638
658
631
662
638
658
631
662
638
658
631
662
638
658
631
662
638
658
631
662
638
658
631
662
638
658
631
662
638
658
631
662
638
658
631
662
638
658
631
662
638
658
631
662
638
658
631
662
638
658
631
662
638
658
631
662
638
658
631
662
638
658
631
662
638
658
631
