4000
390
16
385
35
431
51
422
75
430
39
384
60
410
16
396
1004
375
21
389
32
432
24
436
31
396
60
378
68
383
40
428
53
411
12
436
18
542
956
536
928
614
921
603
912
592
894
576
900
582
894
587
220
609
255
624
284
619
917
513
937
520
993
452
901
524
934
538
19
406
60
388
34
386
86
372
106
366
689
369
89
383
61
425
41
419
58
389
3
436
998
397
984
511
938
468
956
473
949
486
997
446
981
534
957
467
996
451
903
575
922
515
899
608
282
627
255
783
156
841
165
823
150
789
158
844
146
816
169
835
153
796
175
853
149
825
137
800
155
784
253
628
279
701
362
690
375
70
377
61
395
1
407
54
427
999
497
877
551
969
477
56
493
880
557
62
382
69
354
106
363
673
945
523
902
605
912
595
191
372
71
346
671
951
665
337
65
478
69
350
665
340
658
932
639
309
642
300
752
405
61
387
7
491
1000
391
31
433
23
508
897
454
986
532
992
453
899
606
781
256
618
850
164
820
171
788
252
937
529
919
604
785
251
619
781
169
830
152
805
139
771
621
916
615
255
613
822
166
368
100
376
80
480
974
490
875
498
21
436
886
502
9
417
46
489
1
438
891
495
51
429
39
270
693
950
471
48
412
11
393
61
327
657
950
679
934
82
373
70
381
221
364
195
894
497
22
401
61
417
759
624
914
597
191
593
217
934
518
25
395
999
435
889
485
984
533
967
481
872
499
902
581
838
584
900
199
893
568
900
205
357
68
347
102
956
475
860
163
374
102
344
231
935
469
937
666
335
655
341
102
950
690
980
708
930
531
943
522
946
236
934
528
27
883
503
960
683
941
649
311
52
492
903
204
345
651
937
79
380
191
366
174
798
617
822
608
913
46
285
50
910
507
46
424
42
382
705
399
729
920
216
924
238
28
394
701
947
474
47
495
44
499
874
20
191
587
910
596
217
594
914
627
777
620
819
624
765
208
899
458
982
369
83
372
102
366
216
590
909
215
585
31
435
4
386
62
550
52
284
56
550
915
616
783
129
807
144
845
128
808
119
771
210
901
578
458
40
408
53
905
532
925
539
49
432
34
256
793
159
854
136
830
124
774
211
606
823
132
802
142
838
126
366
682
371
3
399
71
380
988
372
165
863
486
878
115
960
677
784
661
939
646
928
67
384
35
430
37
417
71
924
223
356
681
943
74
500
78
376
82
869
482
888
439
581
420
567
902
572
896
496
1001
716
953
700
931
753
630
915
612
798
161
857
478
574
420
584
405
41
267
363
202
900
445
885
438
897
206
338
234
942
674
798
607
914
600
216
588
909
193
889
498
80
940
650
929
223
615
792
405
2
858
148
827
969
110
767
430
71
376
209
329
61
325
233
920
222
922
191
887
486
892
455
983
132
777
115
809
967
123
832
446
28
436
880
182
51
908
566
907
506
932
637
766
676
942
228
946
200
948
228
939
233
936
86
375
138
372
703
958
698
377
138
379
194
39
263
612
785
647
738
409
798
404
70
944
695
946
769
433
564
91
926
760
931
641
747
947
52
294
49
501
925
783
259
323
61
558
458
590
405
736
948
761
414
584
391
35
916
611
223
613
902
615
777
880
443
896
197
357
671
786
261
371
194
20
884
188
58
424
71
412
37
426
765
696
950
692
373
986
379
11
925
223
616
770
911
601
219
605
915
599
219
603
799
157
52
901
38
268
321
236
25
402
57
202
349
227
353
74
375
65
339
265
36
586
37
585
36
450
901
17
867
6
194
376
35
372
989
114
973
832
443
795
907
1004
145
55
900
579
452
561
907
811
941
520
892
432
20
229
587
391
589
219
592
193
350
74
962
762
628
920
624
769
925
510
917
566
919
235
81
953
661
934
641
740
936
683
939
84
368
171
26
246
35
584
37
593
34
576
33
253
782
613
915
47
277
9
409
20
419
552
462
576
447
796
407
57
396
19
392
996
381
186
62
930
747
934
636
754
948
685
958
748
950
87
181
23
922
64
137
366
196
39
906
780
257
42
189
71
929
755
628
781
258
34
379
999
374
42
377
18
429
42
383
999
109
959
76
216
326
646
321
651
730
398
701
934
33
207
55
906
564
422
19
427
268
307
184
359
222
16
953
668
357
676
352
689
357
664
950
673
406
734
699
929
769
914
610
807
603
800
878
812
897
785
602
914
606
784
921
770
907
25
574
402
671
401
731
396
729
400
35
243
28
883
556
910
495
548
466
397
731
396
669
778
622
799
890
441
795
950
98
944
683
754
956
764
926
59
389
665
781
617
264
616
760
638
788
200
365
83
370
137
34
201
332
267
41
893
994
389
577
442
885
444
791
154
65
177
28
398
1000
100
16
872
815
889
556
895
439
71
421
29
549
27
903
44
254
784
902
988
106
172
88
390
592
913
598
195
599
913
595
390
28
395
71
389
36
161
48
265
620
224
618
264
615
915
612
789
403
28
238
23
206
20
226
373
979
79
934
803
416
806
414
802
413
806
900
46
279
53
920
755
942
764
929
740
954
745
959
740
947
704
950
698
785
657
322
659
356
662
792
408
442
327
656
322
200
352
662
623
265
622
765
799
916
233
25
230
18
864
820
858
953
905
36
271
44
208
10
205
11
214
342
191
30
243
189
368
210
83
375
84
376
188
381
6
377
179
370
6
409
774
147
64
920
979
88
398
6
404
772
149
781
415
590
914
604
786
152
19
278
316
210
12
908
62
375
981
881
31
204
116
960
102
188
44
280
40
279
39
379
54
902
610
915
614
264
611
902
607
263
605
914
601
262
599
914
597
494
60
550
64
928
503
544
471
572
411
90
426
50
432
43
438
789
256
36
429
66
911
586
415
209
29
241
31
226
376
39
388
6
383
994
375
8
98
975
126
980
41
891
778
923
755
934
798
924
53
898
580
434
787
641
744
933
505
931
541
444
404
459
555
51
291
44
287
43
284
39
285
40
273
234
331
203
360
81
361
220
22
218
27
222
29
434
36
280
46
142
69
958
50
927
744
936
84
371
689
365
253
324
218
19
217
20
215
15
868
799
635
791
446
312
229
23
222
68
135
90
948
72
918
794
154
793
450
316
54
175
84
380
1001
896
571
451
521
477
861
912
805
765
626
797
612
769
795
958
898
578
620
688
627
757
953
678
626
722
802
903
33
237
177
47
185
29
232
30
228
188
333
212
11
213
376
984
916
609
263
604
902
608
263
612
916
754
927
16
857
955
870
24
221
371
228
17
424
86
932
62
911
999
88
394
1001
391
51
385
36
388
51
288
48
202
355
242
184
71
941
93
191
55
915
603
580
413
569
896
568
486
880
796
418
785
619
692
743
917
624
265
621
681
757
931
676
934
84
16
892
47
148
778
613
764
673
781
411
442
352
214
293
235
25
406
39
287
204
76
925
873
777
398
778
399
779
630
672
641
785
414
434
87
196
36
257
34
234
33
549
50
907
1
84
949
525
917
829
899
591
404
781
399
779
402
570
622
784
905
59
953
100
948
508
925
506
927
507
886
846
899
583
402
576
898
574
458
393
12
386
169
255
346
445
894
42
264
619
799
439
815
441
393
6
390
207
362
689
368
402
732
709
650
800
950
682
962
679
940
652
928
655
941
689
943
690
946
502
913
28
922
526
952
517
937
516
952
520
949
653
950
512
885
41
901
511
937
464
561
482
578
898
581
451
350
663
353
673
350
658
353
670
943
676
350
660
768
616
786
966
797
630
661
953
524
954
523
953
519
943
651
944
655
940
647
946
653
949
745
954
524
955
786
949
647
944
91
939
74
925
19
883
32
898
11
893
957
111
183
63
920
515
938
518
540
18
191
37
919
803
767
922
25
872
832
935
74
953
655
947
654
940
655
947
654
940
655
947
654
940
655
947
654
940
655
947
654
940
655
947
654
940
655
947
654
940
655
947
654
940
655
947
654
940
655
947
654
940
655
947
654
940
655
947
654
940
655
947
654
940
655
947
654
940
655
947
654
940
655
947
654
940
655
947
654
940
655
947
654
940
655
947
654
940
655
947
654
940
655
947
654
940
655
947
654
940
655
947
654
940
655
947
654
940
655
947
654
940
655
947
654
940
655
947
654
940
655
947
654
940
655
947
654
940
655
947
654
940
655
947
654
940
655
947
654
940
655
947
654
940
655
947
654
940
655
947
654
940
655
947
654
940
655
947
654
940
655
947
654
940
655
947
654
940
655
947
654
940
655
947
654
940
655
947
654
940
655
947
654
940
655
947
654
940
655
947
654
940
655
947
654
940
655
947
654
940
655
947
654
940
655
947
654
940
655
947
654
940
655
947
654
940
655
947
654
940
655
947
654
940
655
947
654
940
655
947
654
940
655
947
654
940
655
947
654
940
655
947
654
940
655
947
654
940
655
947
654
940
655
947
654
940
655
947
654
940
655
947
654
940
655
947
654
940
655
947
654
940
655
947
654
940
655
947
654
940
655
947
654
940
655
947
654
940
655
947
654
940
655
947
654
940
655
947
654
940
655
947
654
940
655
947
654
940
655
947
654
940
655
947
654
940
655
947
654
940
655
947
654
940
655
947
654
940
655
947
654
940
655
947
654
940
655
947
654
940
655
947
654
940
655
947
654
940
655
947
654
940
655
947
654
940
655
947
654
940
655
947
654
940
655
947
654
940
655
947
654
940
655
947
654
940
655
947
654
940
655
947
654
940
655
947
654
940
655
947
654
940
655
947
654
940
655
947
654
940
655
947
654
940
655
947
654
940
655
947
654
940
655
947
654
940
655
947
654
940
655
947
654
940
655
947
654
940
655
947
654
940
655
947
654
940
655
947
654
940
655
947
654
940
655
947
654
940
655
947
654
940
655
947
654
940
655
947
654
940
655
947
654
940
655
947
654
940
655
947
654
940
655
947
654
940
655
947
654
940
655
947
654
940
655
947
654
940
655
947
654
940
655
947
654
940
655
947
654
940
655
947
654
940
655
947
654
940
655
947
654
940
655
947
654
940
655
947
654
940
655
947
654
940
655
947
654
940
655
947
654
940
655
947
654
940
655
947
654
940
655
947
654
940
655
947
654
940
655
947
654
940
655
947
654
940
655
947
654
940
655
947
654
940
655
947
654
940
655
947
654
940
655
947
654
940
655
947
654
940
655
947
654
940
655
947
654
940
655
947
654
940
655
947
654
940
655
947
654
940
655
947
654
940
655
947
654
940
655
947
654
940
655
947
654
940
655
947
654
940
655
947
654
940
655
947
654
940
655
947
654
940
655
947
654
940
655
947
654
940
655
947
654
940
655
947
654
940
655
947
654
940
655
947
654
940
655
947
654
940
655
947
654
940
655
947
654
940
655
947
654
940
655
947
654
940
655
947
654
940
655
947
654
940
655
947
654
940
655
947
654
940
655
947
654
940
655
947
654
940
655
947
654
940
655
947
654
940
655
947
654
940
655
947
654
940
655
947
654
940
655
947
654
940
655
947
654
940
655
947
654
940
655
947
654
940
655
947
654
940
655
947
654
940
655
947
654
940
655
947
654
940
655
947
654
940
655
947
654
940
655
947
654
940
655
947
654
940
655
947
654
940
655
947
654
940
655
947
654
940
655
947
654
940
655
947
654
940
655
947
654
940
655
947
654
940
655
947
654
940
655
947
654
940
655
947
654
940
655
947
654
940
655
947
654
940
655
947
654
940
655
947
654
940
655
947
654
940
655
947
654
940
655
947
654
940
655
947
654
940
655
947
654
940
655
947
654
940
655
947
654
940
655
947
654
940
655
947
654
940
655
947
654
940
655
947
654
940
655
947
654
940
655
947
654
940
655
947
654
940
655
947
654
940
655
947
654
940
655
947
654
940
655
947
654
940
655
947
654
940
655
947
654
940
655
947
654
940
655
947
654
940
655
947
654
940
655
947
654
940
655
947
654
940
655
947
654
940
655
947
654
940
655
947
654
940
655
947
654
940
655
947
654
940
655
947
654
940
655
947
654
940
655
947
654
940
655
947
654
940
655
947
654
940
655
947
654
940
655
947
654
940
655
947
654
940
655
947
654
940
655
947
654
940
655
947
654
940
655
947
654
940
655
947
654
940
655
947
654
940
655
947
654
940
655
947
654
940
655
947
654
940
655
947
654
940
655
947
654
940
655
947
654
940
655
947
654
940
655
947
654
940
655
947
654
940
655
947
654
940
655
947
654
940
655
947
654
940
655
947
654
940
655
947
654
940
655
947
654
940
655
947
654
940
655
947
654
940
655
947
654
940
655
947
654
940
655
947
654
940
655
947
654
940
655
947
654
940
655
947
654
940
655
947
654
940
655
947
654
940
655
947
654
940
655
947
654
940
655
947
654
940
655
947
654
940
655
947
654
940
655
947
654
940
655
947
654
940
655
947
654
940
655
947
654
940
655
947
654
940
655
947
654
940
655
947
654
940
655
947
654
940
655
947
654
940
655
947
654
940
655
947
654
940
655
947
654
940
655
947
654
940
655
947
654
940
655
947
654
940
655
947
654
940
655
947
654
940
655
947
654
940
655
947
654
940
655
947
654
940
655
947
654
940
655
947
654
940
655
947
654
940
655
947
654
940
655
947
654
940
655
947
654
940
655
947
654
940
655
947
654
940
655
947
654
940
655
947
654
940
655
947
654
940
655
947
654
940
655
947
654
940
655
947
654
940
655
947
654
940
655
947
654
940
655
947
654
940
655
947
654
940
655
947
654
940
655
947
654
940
655
947
654
940
655
947
654
940
655
947
654
940
655
947
654
940
655
947
654
940
655
947
654
940
655
947
654
940
655
947
654
940
655
947
654
940
655
947
654
940
655
947
654
940
655
947
654
940
655
947
654
940
655
947
654
940
655
947
654
940
655
947
654
940
655
947
654
940
655
947
654
940
655
947
654
940
655
947
654
940
655
947
654
940
655
947
654
940
655
947
654
940
655
947
654
940
655
947
654
940
655
947
654
940
655
947
654
940
655
947
654
940
655
947
654
940
655
947
654
940
655
947
654
940
655
947
654
940
655
947
654
940
655
947
654
940
655
947
654
940
655
947
654
940
655
947
654
940
655
947
654
940
655
947
654
940
655
947
654
940
655
947
654
940
655
947
654
940
655
947
654
940
655
947
654
940
655
947
654
940
655
947
654
940
655
947
654
940
655
947
654
940
655
947
654
940
655
947
654
940
655
947
654
940
655
947
654
940
655
947
654
940
655
947
654
940
655
947
654
940
655
947
654
940
655
947
654
940
655
947
654
940
655
947
654
940
655
947
654
940
655
947
654
940
655
947
654
940
655
947
654
940
655
947
654
940
655
947
654
940
655
947
654
940
655
947
654
940
655
947
654
940
655
947
654
940
655
947
654
940
655
947
654
940
655
947
654
940
655
947
654
940
655
947
654
940
655
947
654
940
655
947
654
940
655
947
654
940
655
947
654
940
655
947
654
940
655
947
654
940
655
947
654
940
655
947
654
940
655
947
654
940
655
947
654
940
655
947
654
940
655
947
654
940
655
947
654
940
655
947
654
940
655
947
654
940
655
947
654
940
655
947
654
940
655
947
654
940
655
947
654
940
655
947
654
940
655
947
654
940
655
947
654
940
655
947
654
940
655
947
654
940
655
947
654
940
655
947
654
940
655
947
654
940
655
947
654
940
655
947
654
940
655
947
654
940
655
947
654
940
655
947
654
940
655
947
654
940
655
947
654
940
655
947
654
940
655
947
654
940
655
947
654
940
655
947
654
940
655
947
654
940
655
947
654
940
655
947
654
940
655
947
654
940
655
947
654
940
655
947
654
940
655
947
654
940
655
947
654
940
655
947
654
940
655
947
654
940
655
947
654
940
655
947
654
940
655
947
654
940
655
947
654
940
655
947
654
940
655
947
654
940
655
947
654
940
655
947
654
940
655
947
654
940
655
947
654
940
655
947
654
940
655
947
654
940
655
947
654
940
655
947
654
940
655
947
654
940
655
947
654
940
655
947
654
940
655
947
654
940
655
947
654
940
655
947
654
940
655
947
654
940
655
947
654
940
655
947
654
940
655
947
654
940
655
947
654
940
655
947
654
940
655
947
654
940
655
947
654
940
655
947
654
940
655
947
654
940
655
947
654
940
655
947
654
940
655
947
654
940
655
947
654
940
655
947
654
940
655
947
654
940
655
947
654
940
655
947
654
940
655
947
654
940
655
947
654
940
655
947
654
940
655
947
654
940
655
947
654
940
655
947
654
940
655
947
654
940
655
947
654
940
655
947
654
940
655
947
654
940
655
947
654
940
655
947
654
940
655
947
654
940
655
947
654
940
655
947
654
940
655
947
654
940
655
947
654
940
655
947
654
940
655
947
654
940
655
947
654
940
655
947
654
940
655
947
654
940
655
947
654
940
655
947
654
940
655
947
654
940
655
947
654
940
655
947
654
940
655
947
654
940
655
947
654
940
655
947
654
940
655
947
654
940
655
947
654
940
655
947
654
940
655
947
654
940
655
947
654
940
655
947
654
940
655
947
654
940
655
947
654
940
655
947
654
940
655
947
654
940
655
947
654
940
655
947
654
940
655
947
654
940
655
947
654
940
655
947
654
940
655
947
654
940
655
947
654
940
655
947
654
940
655
947
654
940
655
947
654
940
655
947
654
940
655
947
654
940
655
947
654
940
655
947
654
940
655
947
654
940
655
947
654
940
655
947
654
940
655
947
654
940
655
947
654
940
655
947
654
940
655
947
654
940
655
947
654
940
655
947
654
940
655
947
654
940
655
947
654
940
655
947
654
940
655
947
654
940
655
947
654
940
655
947
654
940
655
947
654
940
655
947
654
940
655
947
654
940
655
947
654
940
655
947
654
940
655
947
654
940
655
947
654
940
655
947
654
940
655
947
654
940
655
947
654
940
655
947
654
940
655
947
654
940
655
947
654
940
655
947
654
940
655
947
654
940
655
947
654
940
655
947
654
940
655
947
654
940
655
947
654
940
655
947
654
940
655
947
654
940
655
947
654
940
655
947
654
940
655
947
654
940
655
947
654
940
655
947
654
940
655
947
654
940
655
947
654
940
655
947
654
940
655
947
654
