4000
390
16
385
35
431
51
422
75
430
39
384
60
410
16
396
1004
375
21
389
32
432
24
436
31
396
60
378
68
383
40
428
53
411
12
436
18
542
956
536
928
614
921
603
912
592
894
576
900
582
894
587
220
609
255
624
284
619
917
513
937
520
994
397
1002
391
60
381
81
377
70
345
669
350
663
345
673
341
69
382
41
422
59
386
34
388
3
511
938
539
960
471
947
465
1000
400
989
450
894
595
912
530
988
452
958
473
946
526
923
508
95
372
85
365
101
371
704
375
71
350
658
327
672
944
474
866
596
891
566
884
497
999
455
984
532
938
519
983
401
16
441
1002
494
885
558
972
447
895
607
255
628
282
625
254
629
861
475
942
673
350
95
360
115
364
93
375
82
366
196
376
41
426
58
397
30
437
17
422
86
375
74
410
993
523
947
507
924
723
919
528
907
586
895
604
775
616
846
158
787
605
887
609
825
150
832
153
839
155
779
140
803
163
856
482
970
470
963
683
942
84
503
897
572
906
581
836
152
829
626
773
153
363
208
355
159
848
615
785
157
844
625
783
142
813
167
860
480
958
478
855
165
809
141
899
502
79
421
61
408
23
437
11
441
3
374
42
278
48
902
526
930
72
395
1
493
883
554
67
379
41
412
989
446
976
130
357
226
342
69
338
231
600
221
597
911
509
888
496
894
523
933
657
769
630
754
934
86
394
32
435
38
431
33
259
622
916
615
804
139
901
500
893
524
937
65
920
610
217
375
175
370
691
943
62
330
186
43
406
84
373
198
601
912
605
795
137
902
459
982
443
1001
453
890
767
636
744
901
491
877
23
191
55
944
679
765
945
690
374
132
372
690
365
206
928
79
205
924
458
8
386
38
265
369
132
973
456
3
490
942
787
614
779
921
533
919
67
384
996
392
34
257
615
794
161
851
768
619
258
617
772
628
755
916
72
212
351
178
346
221
67
431
576
462
933
469
571
430
582
904
575
442
979
119
970
700
762
895
488
869
19
192
87
371
181
23
232
327
62
331
653
771
884
789
159
790
135
67
388
59
953
668
938
645
934
70
376
81
379
70
347
218
70
344
269
41
274
325
236
26
882
794
611
915
613
257
612
824
616
915
202
81
367
203
591
211
590
911
593
203
918
736
914
789
673
770
944
675
743
956
53
226
59
425
588
211
76
205
598
911
487
569
472
555
64
225
19
936
463
584
419
587
202
101
183
87
201
896
752
946
742
941
522
930
777
942
752
952
743
958
871
798
605
802
601
206
604
779
642
754
941
518
569
453
999
388
983
381
999
374
990
398
67
395
999
901
205
600
789
893
199
108
980
46
275
316
65
318
239
29
900
204
595
212
593
418
65
320
202
897
786
917
780
630
739
683
760
661
794
877
809
867
802
769
633
724
688
945
95
953
673
358
209
616
783
600
795
874
21
915
455
586
211
589
414
68
324
259
45
284
52
173
112
189
368
671
358
663
747
617
773
932
515
465
935
42
223
65
213
348
71
924
778
905
208
352
72
375
987
445
402
984
444
890
445
414
988
401
450
900
448
981
918
62
939
11
412
36
262
321
214
98
190
375
203
85
364
662
368
199
67
392
74
439
11
443
37
436
26
231
22
228
17
222
342
252
349
197
94
179
119
163
81
949
668
767
886
787
921
768
946
770
656
795
631
784
901
52
212
55
925
75
968
102
950
669
730
643
921
642
948
640
764
802
848
815
865
476
564
527
453
589
403
593
621
789
879
912
64
960
50
265
304
194
110
152
66
334
197
375
974
381
977
441
6
431
73
355
203
55
273
45
257
335
206
903
33
244
36
930
997
95
149
125
172
59
907
505
477
548
504
918
19
224
49
897
201
73
353
672
364
691
359
238
29
908
3
379
978
447
390
3
382
198
32
964
92
188
224
371
691
368
231
373
691
361
212
585
460
922
511
574
466
582
628
781
928
67
941
516
938
517
941
82
936
15
915
800
623
661
766
736
627
787
624
710
690
354
208
376
233
319
372
20
374
672
367
658
364
268
37
900
42
988
75
187
130
157
88
947
776
799
950
108
174
117
141
97
40
249
36
923
74
357
206
603
623
738
634
945
636
769
648
722
662
946
687
718
629
577
623
754
649
774
623
695
951
684
946
643
945
632
656
676
945
673
628
774
599
205
597
213
594
204
369
403
378
972
373
193
39
910
52
930
982
13
218
373
978
922
62
200
894
21
909
975
941
56
95
983
901
44
254
234
336
223
189
87
193
35
377
989
399
30
405
445
423
31
416
23
423
403
30
409
23
235
25
916
46
900
36
391
989
385
36
395
989
374
35
380
989
388
36
399
372
35
379
184
68
950
38
887
28
953
83
374
970
62
929
81
956
105
193
63
207
607
578
520
555
534
454
383
451
581
441
552
485
572
451
574
615
746
635
769
791
617
780
938
59
985
905
927
72
331
268
368
203
312
283
371
83
370
406
382
404
443
409
452
576
623
761
800
854
875
832
803
601
797
889
809
912
516
574
623
597
620
581
561
456
577
629
570
451
576
466
938
82
365
197
82
361
200
226
19
901
947
81
191
68
206
602
624
749
660
729
766
894
508
896
509
898
823
884
841
873
921
981
95
941
96
950
50
25
903
53
175
115
193
68
46
72
334
278
363
337
73
338
219
14
221
186
71
328
219
244
224
371
216
10
217
52
74
947
86
186
242
219
63
32
241
29
919
957
80
217
10
216
371
257
229
314
293
332
301
263
234
338
288
259
221
260
228
199
220
185
68
191
93
145
186
112
167
132
90
136
87
993
85
960
38
903
42
279
45
912
596
625
651
683
766
631
771
799
769
795
772
803
914
612
576
451
484
449
346
268
371
232
323
270
233
321
209
316
210
355
266
49
901
953
893
17
895
37
987
76
968
911
586
625
581
911
585
453
401
376
993
380
412
370
262
371
257
278
248
227
366
256
224
199
228
248
227
361
206
26
894
38
903
50
930
38
987
88
968
60
964
53
941
898
444
344
443
898
444
404
450
347
451
585
625
580
451
900
510
573
458
350
370
206
68
46
900
451
479
449
347
450
470
449
346
447
890
450
470
961
479
976
478
449
890
448
346
372
403
369
349
371
391
369
349
371
391
369
349
371
391
369
349
371
391
369
349
371
391
369
349
371
391
369
349
371
391
369
349
371
391
369
349
371
391
369
349
371
391
369
349
371
391
369
349
371
391
369
349
371
391
369
349
371
391
369
349
371
391
369
349
371
391
369
349
371
391
369
349
371
391
369
349
371
391
369
349
371
391
369
349
371
391
369
349
371
391
369
349
371
391
369
349
371
391
369
349
371
391
369
349
371
391
369
349
371
391
369
349
371
391
369
349
371
391
369
349
371
391
369
349
371
391
369
349
371
391
369
349
371
391
369
349
371
391
369
349
371
391
369
349
371
391
369
349
371
391
369
349
371
391
369
349
371
391
369
349
371
391
369
349
371
391
369
349
371
391
369
349
371
391
369
349
371
391
369
349
371
391
369
349
371
391
369
349
371
391
369
349
371
391
369
349
371
391
369
349
371
391
369
349
371
391
369
349
371
391
369
349
371
391
369
349
371
391
369
349
371
391
369
349
371
391
369
349
371
391
369
349
371
391
369
349
371
391
369
349
371
391
369
349
371
391
369
349
371
391
369
349
371
391
369
349
371
391
369
349
371
391
369
349
371
391
369
349
371
391
369
349
371
391
369
349
371
391
369
349
371
391
369
349
371
391
369
349
371
391
369
349
371
391
369
349
371
391
369
349
371
391
369
349
371
391
369
349
371
391
369
349
371
391
369
349
371
391
369
349
371
391
369
349
371
391
369
349
371
391
369
349
371
391
369
349
371
391
369
349
371
391
369
349
371
391
369
349
371
391
369
349
371
391
369
349
371
391
369
349
371
391
369
349
371
391
369
349
371
391
369
349
371
391
369
349
371
391
369
349
371
391
369
349
371
391
369
349
371
391
369
349
371
391
369
349
371
391
369
349
371
391
369
349
371
391
369
349
371
391
369
349
371
391
369
349
371
391
369
349
371
391
369
349
371
391
369
349
371
391
369
349
371
391
369
349
371
391
369
349
371
391
369
349
371
391
369
349
371
391
369
349
371
391
369
349
371
391
369
349
371
391
369
349
371
391
369
349
371
391
369
349
371
391
369
349
371
391
369
349
371
391
369
349
371
391
369
349
371
391
369
349
371
391
369
349
371
391
369
349
371
391
369
349
371
391
369
349
371
391
369
349
371
391
369
349
371
391
369
349
371
391
369
349
371
391
369
349
371
391
369
349
371
391
369
349
371
391
369
349
371
391
369
349
371
391
369
349
371
391
369
349
371
391
369
349
371
391
369
349
371
391
369
349
371
391
369
349
371
391
369
349
371
391
369
349
371
391
369
349
371
391
369
349
371
391
369
349
371
391
369
349
371
391
369
349
371
391
369
349
371
391
369
349
371
391
369
349
371
391
369
349
371
391
369
349
371
391
369
349
371
391
369
349
371
391
369
349
371
391
369
349
371
391
369
349
371
391
369
349
371
391
369
349
371
391
369
349
371
391
369
349
371
391
369
349
371
391
369
349
371
391
369
349
371
391
369
349
371
391
369
349
371
391
369
349
371
391
369
349
371
391
369
349
371
391
369
349
371
391
369
349
371
391
369
349
371
391
369
349
371
391
369
349
371
391
369
349
371
391
369
349
371
391
369
349
371
391
369
349
371
391
369
349
371
391
369
349
371
391
369
349
371
391
369
349
371
391
369
349
371
391
369
349
371
391
369
349
371
391
369
349
371
391
369
349
371
391
369
349
371
391
369
349
371
391
369
349
371
391
369
349
371
391
369
349
371
391
369
349
371
391
369
349
371
391
369
349
371
391
369
349
371
391
369
349
371
391
369
349
371
391
369
349
371
391
369
349
371
391
369
349
371
391
369
349
371
391
369
349
371
391
369
349
371
391
369
349
371
391
369
349
371
391
369
349
371
391
369
349
371
391
369
349
371
391
369
349
371
391
369
349
371
391
369
349
371
391
369
349
371
391
369
349
371
391
369
349
371
391
369
349
371
391
369
349
371
391
369
349
371
391
369
349
371
391
369
349
371
391
369
349
371
391
369
349
371
391
369
349
371
391
369
349
371
391
369
349
371
391
369
349
371
391
369
349
371
391
369
349
371
391
369
349
371
391
369
349
371
391
369
349
371
391
369
349
371
391
369
349
371
391
369
349
371
391
369
349
371
391
369
349
371
391
369
349
371
391
369
349
371
391
369
349
371
391
369
349
371
391
369
349
371
391
369
349
371
391
369
349
371
391
369
349
371
391
369
349
371
391
369
349
371
391
369
349
371
391
369
349
371
391
369
349
371
391
369
349
371
391
369
349
371
391
369
349
371
391
369
349
371
391
369
349
371
391
369
349
371
391
369
349
371
391
369
349
371
391
369
349
371
391
369
349
371
391
369
349
371
391
369
349
371
391
369
349
371
391
369
349
371
391
369
349
371
391
369
349
371
391
369
349
371
391
369
349
371
391
369
349
371
391
369
349
371
391
369
349
371
391
369
349
371
391
369
349
371
391
369
349
371
391
369
349
371
391
369
349
371
391
369
349
371
391
369
349
371
391
369
349
371
391
369
349
371
391
369
349
371
391
369
349
371
391
369
349
371
391
369
349
371
391
369
349
371
391
369
349
371
391
369
349
371
391
369
349
371
391
369
349
371
391
369
349
371
391
369
349
371
391
369
349
371
391
369
349
371
391
369
349
371
391
369
349
371
391
369
349
371
391
369
349
371
391
369
349
371
391
369
349
371
391
369
349
371
391
369
349
371
391
369
349
371
391
369
349
371
391
369
349
371
391
369
349
371
391
369
349
371
391
369
349
371
391
369
349
371
391
369
349
371
391
369
349
371
391
369
349
371
391
369
349
371
391
369
349
371
391
369
349
371
391
369
349
371
391
369
349
371
391
369
349
371
391
369
349
371
391
369
349
371
391
369
349
371
391
369
349
371
391
369
349
371
391
369
349
371
391
369
349
371
391
369
349
371
391
369
349
371
391
369
349
371
391
369
349
371
391
369
349
371
391
369
349
371
391
369
349
371
391
369
349
371
391
369
349
371
391
369
349
371
391
369
349
371
391
369
349
371
391
369
349
371
391
369
349
371
391
369
349
371
391
369
349
371
391
369
349
371
391
369
349
371
391
369
349
371
391
369
349
371
391
369
349
371
391
369
349
371
391
369
349
371
391
369
349
371
391
369
349
371
391
369
349
371
391
369
349
371
391
369
349
371
391
369
349
371
391
369
349
371
391
369
349
371
391
369
349
371
391
369
349
371
391
369
349
371
391
369
349
371
391
369
349
371
391
369
349
371
391
369
349
371
391
369
349
371
391
369
349
371
391
369
349
371
391
369
349
371
391
369
349
371
391
369
349
371
391
369
349
371
391
369
349
371
391
369
349
371
391
369
349
371
391
369
349
371
391
369
349
371
391
369
349
371
391
369
349
371
391
369
349
371
391
369
349
371
391
369
349
371
391
369
349
371
391
369
349
371
391
369
349
371
391
369
349
371
391
369
349
371
391
369
349
371
391
369
349
371
391
369
349
371
391
369
349
371
391
369
349
371
391
369
349
371
391
369
349
371
391
369
349
371
391
369
349
371
391
369
349
371
391
369
349
371
391
369
349
371
391
369
349
371
391
369
349
371
391
369
349
371
391
369
349
371
391
369
349
371
391
369
349
371
391
369
349
371
391
369
349
371
391
369
349
371
391
369
349
371
391
369
349
371
391
369
349
371
391
369
349
371
391
369
349
371
391
369
349
371
391
369
349
371
391
369
349
371
391
369
349
371
391
369
349
371
391
369
349
371
391
369
349
371
391
369
349
371
391
369
349
371
391
369
349
371
391
369
349
371
391
369
349
371
391
369
349
371
391
369
349
371
391
369
349
371
391
369
349
371
391
369
349
371
391
369
349
371
391
369
349
371
391
369
349
371
391
369
349
371
391
369
349
371
391
369
349
371
391
369
349
371
391
369
349
371
391
369
349
371
391
369
349
371
391
369
349
371
391
369
349
371
391
369
349
371
391
369
349
371
391
369
349
371
391
369
349
371
391
369
349
371
391
369
349
371
391
369
349
371
391
369
349
371
391
369
349
371
391
369
349
371
391
369
349
371
391
369
349
371
391
369
349
371
391
369
349
371
391
369
349
371
391
369
349
371
391
369
349
371
391
369
349
371
391
369
349
371
391
369
349
371
391
369
349
371
391
369
349
371
391
369
349
371
391
369
349
371
391
369
349
371
391
369
349
371
391
369
349
371
391
369
349
371
391
369
349
371
391
369
349
371
391
369
349
371
391
369
349
371
391
369
349
371
391
369
349
371
391
369
349
371
391
369
349
371
391
369
349
371
391
369
349
371
391
369
349
371
391
369
349
371
391
369
349
371
391
369
349
371
391
369
349
371
391
369
349
371
391
369
349
371
391
369
349
371
391
369
349
371
391
369
349
371
391
369
349
371
391
369
349
371
391
369
349
371
391
369
349
371
391
369
349
371
391
369
349
371
391
369
349
371
391
369
349
371
391
369
349
371
391
369
349
371
391
369
349
371
391
369
349
371
391
369
349
371
391
369
349
371
391
369
349
371
391
369
349
371
391
369
349
371
391
369
349
371
391
369
349
371
391
369
349
371
391
369
349
371
391
369
349
371
391
369
349
371
391
369
349
371
391
369
349
371
391
369
349
371
391
369
349
371
391
369
349
371
391
369
349
371
391
369
349
371
391
369
349
371
391
369
349
371
391
369
349
371
391
369
349
371
391
369
349
371
391
369
349
371
391
369
349
371
391
369
349
371
391
369
349
371
391
369
349
371
391
369
349
371
391
369
349
371
391
369
349
371
391
369
349
371
391
369
349
371
391
369
349
371
391
369
349
371
391
369
349
371
391
369
349
371
391
369
349
371
391
369
349
371
391
369
349
371
391
369
349
371
391
369
349
371
391
369
349
371
391
369
349
371
391
369
349
371
391
369
349
371
391
369
349
371
391
369
349
371
391
369
349
371
391
369
349
371
391
369
349
371
391
369
349
371
391
369
349
371
391
369
349
371
391
369
349
371
391
369
349
371
391
369
349
371
391
369
349
371
391
369
349
371
391
369
349
371
391
369
349
371
391
369
349
371
391
369
349
371
391
369
349
371
391
369
349
371
391
369
349
371
391
369
349
371
391
369
349
371
391
369
349
371
391
369
349
371
391
369
349
371
391
369
349
371
391
369
349
371
391
369
349
371
391
369
349
371
391
369
349
371
391
369
349
371
391
369
349
371
391
369
349
371
391
369
349
371
391
369
349
371
391
369
349
371
391
369
349
371
391
369
349
371
391
369
349
371
391
369
349
371
391
369
349
371
391
369
349
371
391
369
349
371
391
369
349
371
391
369
349
371
391
369
349
371
391
369
349
371
391
369
349
371
391
369
349
371
391
369
349
371
391
369
349
371
391
369
349
371
391
369
349
371
391
369
349
371
391
369
349
371
391
369
349
371
391
369
349
371
391
369
349
371
391
369
349
371
391
369
349
371
391
369
349
371
391
369
349
371
391
369
349
371
391
369
349
371
391
369
349
371
391
369
349
371
391
369
349
371
391
369
349
371
391
369
349
371
391
369
349
371
391
369
349
371
391
369
349
371
391
369
349
371
391
369
349
371
391
369
349
371
391
369
349
371
391
369
349
371
391
369
349
371
391
369
349
371
391
369
349
371
391
369
349
371
391
369
349
371
391
369
349
371
391
369
349
371
391
369
349
371
391
369
349
371
391
369
349
371
391
369
349
371
391
369
349
371
391
369
349
371
391
369
349
371
391
369
349
371
391
369
349
371
391
369
349
371
391
369
349
371
391
369
349
371
391
369
349
371
391
369
349
371
391
369
349
371
391
369
349
371
391
369
349
371
391
369
349
371
391
369
349
371
391
369
349
371
391
369
349
371
391
369
349
371
391
369
349
371
391
369
349
371
391
369
349
371
391
369
349
371
391
369
349
371
391
369
349
371
391
369
349
371
391
369
349
