4000
411
23
432
49
409
24
430
51
408
27
532
998
433
20
442
905
516
977
491
939
524
1
515
914
493
974
535
997
434
16
443
992
487
979
565
966
537
935
492
922
601
912
541
934
450
15
472
998
485
12
382
52
406
65
397
52
427
25
421
42
409
87
394
67
380
706
284
642
301
715
261
631
304
641
286
703
232
803
183
750
277
728
259
780
209
818
189
797
237
729
278
645
333
673
349
684
302
700
242
786
257
739
287
627
307
699
368
669
352
681
323
713
263
756
175
822
181
798
236
742
183
820
207
791
256
796
192
768
275
646
941
448
901
517
974
555
927
503
975
492
873
503
893
566
965
499
884
570
964
538
917
455
14
480
981
465
50
431
39
441
21
432
999
529
938
649
273
721
300
644
282
725
272
615
308
625
317
641
340
687
211
776
260
716
391
88
406
58
426
40
418
64
399
29
544
900
581
963
500
929
621
323
666
354
678
341
766
193
794
239
740
156
833
179
807
169
832
199
606
920
556
972
536
993
486
980
467
940
252
926
558
971
356
662
949
523
956
460
9
514
921
613
217
787
223
731
270
937
247
750
162
850
177
827
153
851
459
10
445
19
479
887
568
956
553
911
590
192
600
221
925
232
620
288
688
329
636
287
690
217
772
185
806
252
748
321
624
916
460
51
386
90
390
68
376
987
489
978
347
685
363
970
563
897
547
933
473
996
437
37
453
922
512
891
586
194
765
214
597
890
545
898
444
943
243
619
289
65
417
85
425
62
307
635
882
540
914
614
311
58
400
728
287
72
371
666
953
508
883
632
257
758
366
680
961
690
328
69
375
698
342
670
949
509
878
475
965
676
338
982
453
895
501
928
451
5
477
987
152
853
480
959
330
674
360
661
369
54
429
1001
166
823
142
989
329
711
278
723
919
222
789
203
584
911
542
891
502
894
455
36
263
629
932
261
944
526
927
272
75
255
792
186
607
290
49
439
902
495
880
649
295
738
391
23
224
595
919
233
592
185
597
193
588
201
604
190
788
226
946
645
297
64
423
1002
387
718
266
628
874
667
350
973
521
913
607
324
971
122
341
963
679
949
457
904
446
942
283
709
942
229
787
241
789
177
809
158
9
413
26
419
1003
163
811
137
11
151
854
461
915
237
933
453
940
647
274
622
213
583
205
830
168
999
424
63
403
725
392
985
718
393
31
410
743
956
664
355
21
134
984
321
72
274
701
367
60
310
626
305
654
940
490
976
353
683
376
696
974
712
267
87
253
784
158
2
140
578
907
458
848
202
585
908
441
61
381
726
953
244
926
248
920
524
945
442
33
384
730
993
316
640
940
244
76
270
949
716
398
38
241
931
527
939
746
916
249
37
445
924
720
974
702
346
686
929
447
18
202
602
292
69
366
1004
160
779
206
609
267
626
238
946
299
746
903
506
886
637
279
52
402
735
918
519
991
141
834
997
375
762
183
775
182
774
385
710
264
630
259
802
184
598
215
621
276
54
441
954
668
343
978
322
623
931
499
861
493
864
465
927
486
862
497
885
31
245
90
222
616
282
50
377
694
957
687
975
361
657
954
661
331
671
949
235
961
114
329
639
292
946
737
957
655
345
956
250
88
234
105
993
836
145
982
294
650
860
990
711
951
690
975
323
44
414
8
183
767
380
36
128
14
208
784
258
782
573
755
169
760
968
533
993
828
466
909
494
970
340
659
357
966
325
662
316
954
254
633
300
958
667
353
973
327
660
959
756
889
17
198
593
272
932
255
82
344
45
333
983
707
280
592
200
15
136
4
870
481
843
174
1002
401
721
390
705
398
730
953
521
925
612
233
920
242
103
260
812
984
373
1000
858
468
913
442
24
431
766
951
674
348
683
951
694
362
654
908
592
165
588
185
609
215
785
966
769
914
462
900
772
171
586
244
918
253
37
428
30
207
17
281
67
920
732
395
709
952
669
358
960
761
412
992
838
969
80
263
610
238
939
635
936
450
904
510
926
711
948
90
199
611
196
601
312
978
794
255
603
923
471
820
975
119
240
934
251
989
841
950
648
336
954
738
405
752
164
749
402
985
866
485
581
441
910
507
884
779
941
452
896
435
22
132
263
627
297
101
340
656
939
643
302
52
395
723
953
239
582
413
741
394
981
724
878
795
939
632
303
957
763
186
8
857
494
576
444
917
56
290
36
245
915
443
12
289
629
281
634
262
42
207
604
780
970
717
386
1004
165
589
273
58
220
596
197
32
401
48
295
41
265
813
976
387
733
950
323
31
893
647
332
22
210
685
962
678
967
669
336
1000
172
46
440
937
628
275
640
264
617
287
20
213
599
306
1001
862
6
188
93
205
608
265
932
245
970
783
879
18
218
25
896
997
383
698
269
12
437
902
515
906
37
271
624
227
700
369
686
367
692
965
671
335
67
943
539
915
484
837
659
945
664
349
679
954
86
935
449
585
195
599
242
50
331
965
761
953
744
406
729
410
758
430
40
278
70
925
607
215
619
253
632
269
985
850
1004
138
279
949
703
947
642
314
961
112
203
38
268
961
839
479
829
987
716
944
771
384
709
975
777
625
261
59
222
123
290
86
941
522
918
513
572
451
902
46
302
638
318
649
337
668
359
663
323
956
730
402
17
149
994
267
635
941
641
888
505
939
652
326
4
865
13
378
699
787
254
952
246
98
984
346
667
941
665
957
657
346
958
459
561
516
899
781
974
798
872
9
146
229
701
228
588
234
629
256
790
221
604
282
991
825
472
832
653
905
28
422
585
768
935
624
940
659
363
681
373
686
212
693
219
617
255
788
964
828
983
117
274
599
233
33
256
791
947
697
949
328
761
431
763
953
801
983
399
722
760
431
765
606
211
315
967
277
626
259
49
293
44
288
989
254
104
194
33
288
49
930
60
319
62
911
514
903
445
41
442
897
1003
270
612
216
696
374
677
964
672
351
954
681
354
997
155
990
719
391
723
1000
854
486
859
488
915
440
19
933
42
921
607
230
79
256
619
216
27
282
621
275
639
287
28
237
604
187
587
260
805
966
120
269
990
260
598
270
45
914
514
918
520
914
449
824
470
908
447
910
52
298
638
939
648
289
628
938
630
266
974
296
648
300
716
389
711
295
639
309
632
329
635
938
641
264
637
281
999
845
957
740
954
676
367
672
370
977
704
617
220
148
4
881
22
922
238
613
204
580
753
940
690
943
297
92
268
976
806
980
700
975
690
947
707
983
805
985
339
965
768
677
365
654
949
660
637
791
958
751
962
250
986
873
6
868
990
815
973
99
330
657
323
970
306
961
677
793
626
689
625
939
236
426
569
454
855
999
912
24
444
903
33
248
937
65
920
989
130
347
675
631
261
442
578
788
627
264
437
233
83
297
620
224
621
207
596
231
791
227
629
814
438
819
770
955
696
369
685
381
711
994
341
769
706
375
992
247
939
501
444
224
23
420
587
778
964
759
592
215
790
219
67
319
663
315
45
266
430
1000
524
567
462
829
962
84
195
10
184
106
315
638
306
629
277
390
714
987
345
23
198
619
274
47
921
511
894
40
268
640
273
435
821
444
200
599
229
102
980
139
257
626
313
652
333
72
932
38
262
812
448
321
954
668
364
689
380
699
382
682
354
688
383
968
757
957
668
786
964
763
580
197
605
202
579
769
888
14
869
1003
900
515
945
681
359
982
311
967
783
851
996
254
91
950
721
395
980
356
673
758
590
170
584
221
608
209
18
907
475
826
474
552
466
823
640
282
627
286
643
296
31
326
652
941
645
944
670
379
703
947
751
965
345
772
956
728
398
721
404
38
924
997
835
981
382
990
144
14
205
30
925
761
736
414
217
165
274
630
701
581
772
607
757
657
344
771
964
682
381
216
21
890
779
583
786
951
248
402
985
410
437
907
999
850
764
827
974
705
282
50
909
453
907
27
237
44
912
444
218
99
269
631
253
978
108
327
667
361
671
359
675
337
766
946
234
703
967
843
991
281
622
307
636
262
440
905
452
293
957
460
955
662
357
684
362
679
351
683
358
264
616
290
57
934
266
633
939
629
269
443
582
212
608
214
588
777
970
822
979
791
973
125
229
623
939
637
286
70
282
640
277
961
306
633
285
947
457
816
982
925
245
970
808
960
759
365
674
944
688
945
692
946
694
947
695
948
698
954
699
387
715
385
704
617
705
991
717
396
242
52
912
999
849
1002
882
12
274
627
259
128
224
336
667
917
6
167
233
433
272
53
263
3
183
215
592
782
966
352
982
693
946
441
209
383
714
391
987
279
636
302
204
435
909
518
899
507
477
446
22
442
923
669
358
675
949
694
947
695
949
670
346
677
364
692
945
690
371
654
316
652
948
703
950
693
962
752
956
737
953
769
375
762
367
673
959
756
967
84
944
744
963
763
949
74
343
996
81
256
621
233
616
228
349
684
359
665
778
600
210
611
231
85
301
630
292
637
261
61
934
253
41
265
624
226
622
299
72
932
613
219
332
636
293
620
281
930
519
927
49
222
602
199
613
233
186
121
261
618
220
622
267
70
250
161
1001
865
993
820
979
236
76
255
192
95
954
770
655
692
373
205
615
286
443
231
606
775
950
806
771
593
431
258
65
289
986
246
956
239
50
267
317
626
685
963
684
629
311
626
236
591
765
666
953
80
972
875
992
846
1
851
987
710
980
714
659
340
123
979
247
918
27
937
242
31
888
13
300
59
309
970
307
22
923
70
278
975
712
760
959
699
974
263
620
271
96
944
691
946
695
951
292
963
768
339
981
817
985
900
28
884
18
299
966
361
679
939
685
940
679
939
13
911
516
905
442
214
585
782
959
688
951
683
941
680
940
679
939
528
555
439
222
50
934
697
955
685
941
680
940
679
939
685
941
680
940
679
939
988
813
978
686
946
688
958
681
940
680
941
681
940
680
941
681
940
680
941
681
940
680
941
681
940
680
941
681
940
680
941
681
940
680
941
681
940
680
941
681
940
680
941
681
940
680
941
681
940
680
941
681
940
680
941
681
940
680
941
681
940
680
941
681
940
680
941
681
940
680
941
681
940
680
941
681
940
680
941
681
940
680
941
681
940
680
941
681
940
680
941
681
940
680
941
681
940
680
941
681
940
680
941
681
940
680
941
681
940
680
941
681
940
680
941
681
940
680
941
681
940
680
941
681
940
680
941
681
940
680
941
681
940
680
941
681
940
680
941
681
940
680
941
681
940
680
941
681
940
680
941
681
940
680
941
681
940
680
941
681
940
680
941
681
940
680
941
681
940
680
941
681
940
680
941
681
940
680
941
681
940
680
941
681
940
680
941
681
940
680
941
681
940
680
941
681
940
680
941
681
940
680
941
681
940
680
941
681
940
680
941
681
940
680
941
681
940
680
941
681
940
680
941
681
940
680
941
681
940
680
941
681
940
680
941
681
940
680
941
681
940
680
941
681
940
680
941
681
940
680
941
681
940
680
941
681
940
680
941
681
940
680
941
681
940
680
941
681
940
680
941
681
940
680
941
681
940
680
941
681
940
680
941
681
940
680
941
681
940
680
941
681
940
680
941
681
940
680
941
681
940
680
941
681
940
680
941
681
940
680
941
681
940
680
941
681
940
680
941
681
940
680
941
681
940
680
941
681
940
680
941
681
940
680
941
681
940
680
941
681
940
680
941
681
940
680
941
681
940
680
941
681
940
680
941
681
940
680
941
681
940
680
941
681
940
680
941
681
940
680
941
681
940
680
941
681
940
680
941
681
940
680
941
681
940
680
941
681
940
680
941
681
940
680
941
681
940
680
941
681
940
680
941
681
940
680
941
681
940
680
941
681
940
680
941
681
940
680
941
681
940
680
941
681
940
680
941
681
940
680
941
681
940
680
941
681
940
680
941
681
940
680
941
681
940
680
941
681
940
680
941
681
940
680
941
681
940
680
941
681
940
680
941
681
940
680
941
681
940
680
941
681
940
680
941
681
940
680
941
681
940
680
941
681
940
680
941
681
940
680
941
681
940
680
941
681
940
680
941
681
940
680
941
681
940
680
941
681
940
680
941
681
940
680
941
681
940
680
941
681
940
680
941
681
940
680
941
681
940
680
941
681
940
680
941
681
940
680
941
681
940
680
941
681
940
680
941
681
940
680
941
681
940
680
941
681
940
680
941
681
940
680
941
681
940
680
941
681
940
680
941
681
940
680
941
681
940
680
941
681
940
680
941
681
940
680
941
681
940
680
941
681
940
680
941
681
940
680
941
681
940
680
941
681
940
680
941
681
940
680
941
681
940
680
941
681
940
680
941
681
940
680
941
681
940
680
941
681
940
680
941
681
940
680
941
681
940
680
941
681
940
680
941
681
940
680
941
681
940
680
941
681
940
680
941
681
940
680
941
681
940
680
941
681
940
680
941
681
940
680
941
681
940
680
941
681
940
680
941
681
940
680
941
681
940
680
941
681
940
680
941
681
940
680
941
681
940
680
941
681
940
680
941
681
940
680
941
681
940
680
941
681
940
680
941
681
940
680
941
681
940
680
941
681
940
680
941
681
940
680
941
681
940
680
941
681
940
680
941
681
940
680
941
681
940
680
941
681
940
680
941
681
940
680
941
681
940
680
941
681
940
680
941
681
940
680
941
681
940
680
941
681
940
680
941
681
940
680
941
681
940
680
941
681
940
680
941
681
940
680
941
681
940
680
941
681
940
680
941
681
940
680
941
681
940
680
941
681
940
680
941
681
940
680
941
681
940
680
941
681
940
680
941
681
940
680
941
681
940
680
941
681
940
680
941
681
940
680
941
681
940
680
941
681
940
680
941
681
940
680
941
681
940
680
941
681
940
680
941
681
940
680
941
681
940
680
941
681
940
680
941
681
940
680
941
681
940
680
941
681
940
680
941
681
940
680
941
681
940
680
941
681
940
680
941
681
940
680
941
681
940
680
941
681
940
680
941
681
940
680
941
681
940
680
941
681
940
680
941
681
940
680
941
681
940
680
941
681
940
680
941
681
940
680
941
681
940
680
941
681
940
680
941
681
940
680
941
681
940
680
941
681
940
680
941
681
940
680
941
681
940
680
941
681
940
680
941
681
940
680
941
681
940
680
941
681
940
680
941
681
940
680
941
681
940
680
941
681
940
680
941
681
940
680
941
681
940
680
941
681
940
680
941
681
940
680
941
681
940
680
941
681
940
680
941
681
940
680
941
681
940
680
941
681
940
680
941
681
940
680
941
681
940
680
941
681
940
680
941
681
940
680
941
681
940
680
941
681
940
680
941
681
940
680
941
681
940
680
941
681
940
680
941
681
940
680
941
681
940
680
941
681
940
680
941
681
940
680
941
681
940
680
941
681
940
680
941
681
940
680
941
681
940
680
941
681
940
680
941
681
940
680
941
681
940
680
941
681
940
680
941
681
940
680
941
681
940
680
941
681
940
680
941
681
940
680
941
681
940
680
941
681
940
680
941
681
940
680
941
681
940
680
941
681
940
680
941
681
940
680
941
681
940
680
941
681
940
680
941
681
940
680
941
681
940
680
941
681
940
680
941
681
940
680
941
681
940
680
941
681
940
680
941
681
940
680
941
681
940
680
941
681
940
680
941
681
940
680
941
681
940
680
941
681
940
680
941
681
940
680
941
681
940
680
941
681
940
680
941
681
940
680
941
681
940
680
941
681
940
680
941
681
940
680
941
681
940
680
941
681
940
680
941
681
940
680
941
681
940
680
941
681
940
680
941
681
940
680
941
681
940
680
941
681
940
680
941
681
940
680
941
681
940
680
941
681
940
680
941
681
940
680
941
681
940
680
941
681
940
680
941
681
940
680
941
681
940
680
941
681
940
680
941
681
940
680
941
681
940
680
941
681
940
680
941
681
940
680
941
681
940
680
941
681
940
680
941
681
940
680
941
681
940
680
941
681
940
680
941
681
940
680
941
681
940
680
941
681
940
680
941
681
940
680
941
681
940
680
941
681
940
680
941
681
940
680
941
681
940
680
941
681
940
680
941
681
940
680
941
681
940
680
941
681
940
680
941
681
940
680
941
681
940
680
941
681
940
680
941
681
940
680
941
681
940
680
941
681
940
680
941
681
940
680
941
681
940
680
941
681
940
680
941
681
940
680
941
681
940
680
941
681
940
680
941
681
940
680
941
681
940
680
941
681
940
680
941
681
940
680
941
681
940
680
941
681
940
680
941
681
940
680
941
681
940
680
941
681
940
680
941
681
940
680
941
681
940
680
941
681
940
680
941
681
940
680
941
681
940
680
941
681
940
680
941
681
940
680
941
681
940
680
941
681
940
680
941
681
940
680
941
681
940
680
941
681
940
680
941
681
940
680
941
681
940
680
941
681
940
680
941
681
940
680
941
681
940
680
941
681
940
680
941
681
940
680
941
681
940
680
941
681
940
680
941
681
940
680
941
681
940
680
941
681
940
680
941
681
940
680
941
681
940
680
941
681
940
680
941
681
940
680
941
681
940
680
941
681
940
680
941
681
940
680
941
681
940
680
941
681
940
680
941
681
940
680
941
681
940
680
941
681
940
680
941
681
940
680
941
681
940
680
941
681
940
680
941
681
940
680
941
681
940
680
941
681
940
680
941
681
940
680
941
681
940
680
941
681
940
680
941
681
940
680
941
681
940
680
941
681
940
680
941
681
940
680
941
681
940
680
941
681
940
680
941
681
940
680
941
681
940
680
941
681
940
680
941
681
940
680
941
681
940
680
941
681
940
680
941
681
940
680
941
681
940
680
941
681
940
680
941
681
940
680
941
681
940
680
941
681
940
680
941
681
940
680
941
681
940
680
941
681
940
680
941
681
940
680
941
681
940
680
941
681
940
680
941
681
940
680
941
681
940
680
941
681
940
680
941
681
940
680
941
681
940
680
941
681
940
680
941
681
940
680
941
681
940
680
941
681
940
680
941
681
940
680
941
681
940
680
941
681
940
680
941
681
940
680
941
681
940
680
941
681
940
680
941
681
940
680
941
681
940
680
941
681
940
680
941
681
940
680
941
681
940
680
941
681
940
680
941
681
940
680
941
681
940
680
941
681
940
680
941
681
940
680
941
681
940
680
941
681
940
680
