4000
411
23
432
49
409
24
430
51
408
27
392
53
406
64
391
55
483
958
527
932
506
988
525
934
486
968
477
942
514
903
579
893
509
912
487
930
528
909
517
987
434
21
440
12
435
18
412
1001
441
10
541
908
529
929
619
262
636
293
650
336
672
351
683
332
661
317
725
276
702
374
62
379
28
406
32
375
700
277
628
241
707
286
690
261
727
275
631
296
615
930
449
947
479
938
485
989
472
949
448
1000
413
17
438
1002
476
970
460
956
543
907
577
894
491
916
520
937
503
991
470
951
652
334
677
343
646
289
688
376
29
391
78
373
65
405
54
401
66
371
705
328
756
183
792
223
621
927
536
891
581
902
531
915
507
961
454
999
414
987
442
1000
467
981
418
17
394
724
277
618
225
790
255
779
160
793
179
815
169
796
155
827
173
760
192
808
176
833
152
820
191
596
892
510
911
440
16
419
50
431
40
411
19
393
729
266
621
250
781
219
695
331
752
236
708
318
745
239
928
534
887
519
938
499
966
487
867
493
880
531
890
584
200
604
297
611
280
616
294
632
925
623
222
920
505
883
635
268
720
395
77
400
68
370
79
390
68
320
653
947
665
358
682
378
54
429
66
404
29
425
992
465
938
490
923
625
302
603
922
606
281
48
434
894
642
273
735
287
47
437
14
205
782
157
802
189
848
147
991
524
935
254
792
218
921
241
623
264
819
196
598
183
830
204
792
192
592
210
781
229
702
967
478
939
445
7
173
813
261
715
385
81
389
699
377
970
347
669
947
660
955
451
898
512
960
337
649
948
473
921
247
51
272
737
409
20
164
750
232
921
608
270
941
263
70
306
754
330
970
458
917
545
905
438
922
628
262
812
194
586
888
492
893
656
319
971
457
973
480
945
671
341
985
132
998
373
704
944
673
335
67
428
762
179
831
994
464
909
455
964
503
896
567
968
353
668
360
982
138
834
151
858
496
865
500
925
240
630
305
610
238
939
271
619
287
634
273
40
423
14
183
771
196
801
234
946
663
362
966
670
345
975
686
965
489
943
246
620
229
748
416
996
317
69
399
739
954
452
896
572
116
987
710
293
949
468
938
446
6
188
593
243
918
548
893
727
396
1000
313
654
946
645
346
684
945
237
53
270
79
305
102
253
619
300
959
756
932
526
984
343
81
252
780
211
584
222
82
289
604
282
934
551
901
645
323
970
696
381
22
433
45
445
977
135
822
989
332
674
969
698
380
718
950
653
898
538
919
516
910
743
416
26
171
744
324
641
277
49
396
715
976
344
679
961
476
837
143
995
294
714
387
1001
126
17
201
594
278
617
229
928
221
625
234
920
480
876
633
288
961
675
264
61
919
502
875
697
960
354
666
367
689
886
637
259
73
236
795
980
361
665
957
731
401
34
315
723
402
1000
852
149
989
128
10
862
708
891
511
938
216
604
188
600
306
61
267
940
249
916
241
613
226
624
924
461
914
508
930
217
90
957
676
352
669
945
658
356
690
955
462
904
646
300
941
636
267
612
248
31
325
989
841
209
590
254
784
180
765
421
8
442
922
758
168
825
966
779
560
969
332
14
202
599
214
622
245
944
676
883
755
962
558
781
957
758
414
744
400
738
946
698
224
22
181
787
255
926
235
928
76
230
601
195
591
251
776
383
716
881
506
943
656
303
42
324
99
269
41
444
35
372
707
948
555
936
447
576
138
579
774
257
86
195
18
297
957
557
788
256
771
344
982
704
384
37
249
108
327
987
337
635
943
640
262
588
216
118
2
175
24
896
490
862
495
859
479
852
975
709
285
639
265
622
218
937
455
851
474
933
618
275
646
945
664
348
968
369
694
978
803
891
34
163
595
185
769
197
818
991
409
749
416
741
885
493
903
441
11
186
779
259
629
289
67
442
906
50
373
689
974
365
680
959
671
965
334
996
326
666
942
499
879
10
166
756
415
751
945
95
325
62
247
926
251
607
271
638
301
717
992
407
718
946
304
9
143
986
833
960
702
983
801
239
72
333
651
321
45
908
518
917
446
915
521
576
170
591
211
16
870
780
186
779
178
5
343
681
364
989
251
117
235
918
481
831
648
943
654
330
30
326
670
340
127
249
951
730
405
737
958
453
583
424
54
420
12
274
44
312
946
309
635
295
614
219
788
214
608
205
96
279
637
944
643
283
69
923
440
14
192
671
366
679
970
784
666
349
978
133
215
589
773
184
764
958
458
977
798
883
771
962
104
260
626
938
515
900
780
185
610
228
588
439
899
33
383
709
946
741
953
689
359
967
67
266
48
397
726
997
152
259
78
947
299
997
835
944
253
602
214
620
224
105
952
517
582
239
944
722
995
159
41
910
444
30
440
39
272
599
226
74
971
712
240
39
443
908
754
171
759
372
703
948
450
572
529
945
681
374
761
961
280
55
934
276
999
848
993
724
386
987
707
388
703
947
790
977
310
637
315
647
893
434
590
267
114
242
975
714
986
462
820
993
101
965
370
692
976
813
466
822
975
708
386
712
871
1004
538
564
785
861
5
184
605
215
619
231
30
914
463
812
641
888
495
584
246
958
681
357
662
959
673
339
768
380
699
376
763
959
693
217
612
930
618
220
84
945
721
392
723
908
461
916
515
911
513
919
46
254
618
264
627
935
631
262
624
243
599
198
13
868
2
468
914
988
402
25
422
589
212
125
974
346
659
333
985
837
998
426
816
989
336
738
403
743
170
740
400
718
981
797
654
796
709
376
701
378
971
245
603
207
23
904
653
951
673
966
778
626
292
47
906
520
926
39
268
59
310
1001
435
1004
322
652
900
1001
289
65
241
145
986
308
48
287
648
291
950
663
314
975
384
706
957
756
967
250
130
991
863
9
875
497
857
983
382
210
610
197
612
229
149
209
596
766
960
252
938
630
874
20
284
47
218
444
586
223
788
226
56
260
994
843
963
680
355
660
955
666
329
77
948
676
780
259
633
280
956
784
968
839
480
913
658
949
668
953
704
954
733
957
723
404
268
643
307
990
138
194
36
922
477
914
27
235
967
759
333
970
850
980
322
642
301
623
275
19
273
605
288
90
284
640
334
765
605
199
607
230
584
767
916
6
887
432
898
507
578
734
401
728
273
624
257
791
979
263
48
927
238
615
276
601
922
606
241
629
298
52
242
715
949
672
955
662
350
956
735
950
471
824
983
829
993
880
19
437
896
436
846
959
305
646
297
21
281
636
937
634
261
784
254
782
253
163
16
202
605
795
259
636
305
644
308
961
751
962
336
955
664
360
681
953
676
364
684
354
966
814
971
775
960
113
316
946
698
954
323
64
921
239
617
783
588
214
122
260
440
19
177
11
897
37
249
986
302
115
222
788
976
879
12
292
622
224
38
264
620
279
1004
417
593
423
996
344
770
966
343
74
932
527
934
53
191
7
338
968
381
712
978
109
956
667
320
1002
855
467
583
208
618
289
996
341
652
951
654
797
655
321
112
988
287
628
228
442
906
517
914
32
884
960
98
231
705
379
702
962
763
581
497
865
3
889
509
886
19
429
232
88
294
739
619
226
616
212
691
362
652
311
961
675
944
664
365
681
961
770
930
620
271
638
276
612
208
590
213
25
916
979
793
258
64
317
958
314
984
817
976
799
654
798
771
950
785
255
623
680
632
937
635
302
52
939
762
957
252
989
246
43
407
732
945
692
946
695
951
656
636
824
976
300
46
302
943
309
988
812
266
43
277
426
581
732
954
522
454
949
661
346
678
961
748
580
779
956
328
950
333
989
837
980
709
235
961
673
342
960
759
968
688
209
325
93
953
515
955
697
380
677
374
705
972
794
978
893
16
885
996
155
194
597
217
693
220
607
195
602
777
664
956
51
444
225
356
683
741
296
970
245
33
218
608
261
450
905
452
944
71
222
432
19
438
266
621
275
639
283
636
263
132
230
623
296
651
315
967
702
762
338
141
257
111
295
930
14
873
989
809
976
865
999
840
631
286
708
236
979
284
938
318
637
254
622
274
46
265
994
254
34
908
50
239
915
245
937
248
32
894
969
871
996
419
262
592
786
575
791
941
687
943
686
944
691
953
693
957
733
958
767
846
1
910
507
576
756
964
496
861
494
959
731
398
726
952
242
433
10
431
900
514
898
502
876
10
909
435
19
437
579
782
609
205
608
926
611
290
627
294
642
275
640
940
632
273
645
941
657
333
647
331
636
338
667
942
685
943
686
944
688
945
691
946
695
951
692
368
695
374
683
938
627
260
53
907
961
759
954
733
927
250
919
241
985
832
991
869
996
150
990
858
479
581
760
713
395
698
628
278
40
269
106
977
789
953
689
370
678
346
126
235
922
71
330
949
684
353
966
773
590
759
967
321
37
915
58
273
345
987
890
22
328
258
955
753
959
763
657
330
641
306
89
943
249
346
201
393
1002
856
973
258
428
999
535
3
537
999
426
992
401
734
407
980
376
696
372
677
761
817
990
263
51
910
29
926
13
180
8
937
81
947
260
637
271
620
262
610
766
577
780
954
246
975
244
925
22
896
997
140
211
606
197
614
203
18
877
976
371
988
395
709
387
988
859
483
564
789
766
736
583
778
973
383
988
362
682
632
287
624
267
36
249
38
264
606
227
32
889
993
915
5
533
579
767
694
962
327
944
72
333
652
310
86
212
332
975
285
626
282
708
983
396
985
845
980
399
999
430
236
981
121
968
343
675
379
984
374
998
308
58
941
650
694
266
49
943
290
57
934
253
41
273
620
206
613
216
23
889
18
930
257
139
979
263
108
327
210
354
680
359
283
52
912
1000
853
1004
901
40
309
988
323
217
403
988
315
633
285
17
213
388
976
692
624
262
442
268
57
950
42
224
148
1003
889
29
239
956
110
967
759
862
491
454
582
763
953
250
970
300
976
939
687
974
688
958
744
960
96
955
325
62
927
74
924
20
879
17
936
1001
308
22
915
50
947
279
52
272
961
313
222
614
266
639
281
991
869
976
378
675
930
19
206
401
265
8
171
2
885
32
256
620
767
662
777
652
318
984
806
770
580
775
949
276
987
865
6
880
11
174
246
96
276
450
287
629
255
368
989
926
26
893
979
293
49
259
341
275
631
261
60
211
377
268
695
645
699
277
995
889
5
168
215
593
214
444
576
448
406
242
954
681
358
982
354
273
128
976
250
962
685
966
768
962
690
213
338
183
230
624
276
958
86
950
46
266
445
41
269
441
579
760
968
676
359
261
619
226
350
108
316
210
611
267
105
985
820
983
129
989
246
38
272
415
203
426
253
41
904
446
225
946
65
289
986
811
971
250
952
254
955
267
36
895
983
248
937
17
913
514
908
448
263
979
909
19
899
444
269
394
711
388
715
401
232
57
290
632
936
638
312
986
871
1004
885
15
876
973
254
627
286
640
823
993
288
625
267
220
269
218
268
220
269
218
268
220
269
218
268
220
269
218
268
220
269
218
268
220
269
218
268
220
269
218
268
220
269
218
268
220
269
218
268
220
269
218
268
220
269
218
268
220
269
218
268
220
269
218
268
220
269
218
268
220
269
218
268
220
269
218
268
220
269
218
268
220
269
218
268
220
269
218
268
220
269
218
268
220
269
218
268
220
269
218
268
220
269
218
268
220
269
218
268
220
269
218
268
220
269
218
268
220
269
218
268
220
269
218
268
220
269
218
268
220
269
218
268
220
269
218
268
220
269
218
268
220
269
218
268
220
269
218
268
220
269
218
268
220
269
218
268
220
269
218
268
220
269
218
268
220
269
218
268
220
269
218
268
220
269
218
268
220
269
218
268
220
269
218
268
220
269
218
268
220
269
218
268
220
269
218
268
220
269
218
268
220
269
218
268
220
269
218
268
220
269
218
268
220
269
218
268
220
269
218
268
220
269
218
268
220
269
218
268
220
269
218
268
220
269
218
268
220
269
218
268
220
269
218
268
220
269
218
268
220
269
218
268
220
269
218
268
220
269
218
268
220
269
218
268
220
269
218
268
220
269
218
268
220
269
218
268
220
269
218
268
220
269
218
268
220
269
218
268
220
269
218
268
220
269
218
268
220
269
218
268
220
269
218
268
220
269
218
268
220
269
218
268
220
269
218
268
220
269
218
268
220
269
218
268
220
269
218
268
220
269
218
268
220
269
218
268
220
269
218
268
220
269
218
268
220
269
218
268
220
269
218
268
220
269
218
268
220
269
218
268
220
269
218
268
220
269
218
268
220
269
218
268
220
269
218
268
220
269
218
268
220
269
218
268
220
269
218
268
220
269
218
268
220
269
218
268
220
269
218
268
220
269
218
268
220
269
218
268
220
269
218
268
220
269
218
268
220
269
218
268
220
269
218
268
220
269
218
268
220
269
218
268
220
269
218
268
220
269
218
268
220
269
218
268
220
269
218
268
220
269
218
268
220
269
218
268
220
269
218
268
220
269
218
268
220
269
218
268
220
269
218
268
220
269
218
268
220
269
218
268
220
269
218
268
220
269
218
268
220
269
218
268
220
269
218
268
220
269
218
268
220
269
218
268
220
269
218
268
220
269
218
268
220
269
218
268
220
269
218
268
220
269
218
268
220
269
218
268
220
269
218
268
220
269
218
268
220
269
218
268
220
269
218
268
220
269
218
268
220
269
218
268
220
269
218
268
220
269
218
268
220
269
218
268
220
269
218
268
220
269
218
268
220
269
218
268
220
269
218
268
220
269
218
268
220
269
218
268
220
269
218
268
220
269
218
268
220
269
218
268
220
269
218
268
220
269
218
268
220
269
218
268
220
269
218
268
220
269
218
268
220
269
218
268
220
269
218
268
220
269
218
268
220
269
218
268
220
269
218
268
220
269
218
268
220
269
218
268
220
269
218
268
220
269
218
268
220
269
218
268
220
269
218
268
220
269
218
268
220
269
218
268
220
269
218
268
220
269
218
268
220
269
218
268
220
269
218
268
220
269
218
268
220
269
218
268
220
269
218
268
220
269
218
268
220
269
218
268
220
269
218
268
220
269
218
268
220
269
218
268
220
269
218
268
220
269
218
268
220
269
218
268
220
269
218
268
220
269
218
268
220
269
218
268
220
269
218
268
220
269
218
268
220
269
218
268
220
269
218
268
220
269
218
268
220
269
218
268
220
269
218
268
220
269
218
268
220
269
218
268
220
269
218
268
220
269
218
268
220
269
218
268
220
269
218
268
220
269
218
268
220
269
218
268
220
269
218
268
220
269
218
268
220
269
218
268
220
269
218
268
220
269
218
268
220
269
218
268
220
269
218
268
220
269
218
268
220
269
218
268
220
269
218
268
220
269
218
268
220
269
218
268
220
269
218
268
220
269
218
268
220
269
218
268
220
269
218
268
220
269
218
268
220
269
218
268
220
269
218
268
220
269
218
268
220
269
218
268
220
269
218
268
220
269
218
268
220
269
218
268
220
269
218
268
220
269
218
268
220
269
218
268
220
269
218
268
220
269
218
268
220
269
218
268
220
269
218
268
220
269
218
268
220
269
218
268
220
269
218
268
220
269
218
268
220
269
218
268
220
269
218
268
220
269
218
268
220
269
218
268
220
269
218
268
220
269
218
268
220
269
218
268
220
269
218
268
220
269
218
268
220
269
218
268
220
269
218
268
220
269
218
268
220
269
218
268
220
269
218
268
220
269
218
268
220
269
218
268
220
269
218
268
220
269
218
268
220
269
218
268
220
269
218
268
220
269
218
268
220
269
218
268
220
269
218
268
220
269
218
268
220
269
218
268
220
269
218
268
220
269
218
268
220
269
218
268
220
269
218
268
220
269
218
268
220
269
218
268
220
269
218
268
220
269
218
268
220
269
218
268
220
269
218
268
220
269
218
268
220
269
218
268
220
269
218
268
220
269
218
268
220
269
218
268
220
269
218
268
220
269
218
268
220
269
218
268
220
269
218
268
220
269
218
268
220
269
218
268
220
269
218
268
220
269
218
268
220
269
218
268
220
269
218
268
220
269
218
268
220
269
218
268
220
269
218
268
220
269
218
268
220
269
218
268
220
269
218
268
220
269
218
268
220
269
218
268
220
269
218
268
220
269
218
268
220
269
218
268
220
269
218
268
220
269
218
268
220
269
218
268
220
269
218
268
220
269
218
268
220
269
218
268
220
269
218
268
220
269
218
268
220
269
218
268
220
269
218
268
220
269
218
268
220
269
218
268
220
269
218
268
220
269
218
268
220
269
218
268
220
269
218
268
220
269
218
268
220
269
218
268
220
269
218
268
220
269
218
268
220
269
218
268
220
269
218
268
220
269
218
268
220
269
218
268
220
269
218
268
220
269
218
268
220
269
218
268
220
269
218
268
220
269
218
268
220
269
218
268
220
269
218
268
220
269
218
268
220
269
218
268
220
269
218
268
220
269
218
268
220
269
218
268
220
269
218
268
220
269
218
268
220
269
218
268
220
269
218
268
220
269
218
268
220
269
218
268
220
269
218
268
220
269
218
268
220
269
218
268
220
269
218
268
220
269
218
268
220
269
218
268
220
269
218
268
220
269
218
268
220
269
218
268
220
269
218
268
220
269
218
268
220
269
218
268
220
269
218
268
220
269
218
268
220
269
218
268
220
269
218
268
220
269
218
268
220
269
218
268
220
269
218
268
220
269
218
268
220
269
218
268
220
269
218
268
220
269
218
268
220
269
218
268
220
269
218
268
220
269
218
268
220
269
218
268
220
269
218
268
220
269
218
268
220
269
218
268
220
269
218
268
220
269
218
268
220
269
218
268
220
269
218
268
220
269
218
268
220
269
218
268
220
269
218
268
220
269
218
268
220
269
218
268
220
269
218
268
220
269
218
268
220
269
218
268
220
269
218
268
220
269
218
268
220
269
218
268
220
269
218
268
220
269
218
268
220
269
218
268
220
269
218
268
220
269
218
268
220
269
218
268
220
269
218
268
220
269
218
268
220
269
218
268
220
269
218
268
220
269
218
268
220
269
218
268
220
269
218
268
220
269
218
268
220
269
218
268
220
269
218
268
220
269
218
268
220
269
218
268
220
269
218
268
220
269
218
268
220
269
218
268
220
269
218
268
220
269
218
268
220
269
218
268
220
