4000
390
16
408
40
430
31
388
18
430
63
386
40
419
66
385
41
428
66
380
42
407
69
379
82
499
971
560
886
571
895
447
41
418
11
431
30
451
988
530
947
523
3
432
9
519
934
533
946
466
960
541
933
536
944
502
10
394
999
434
1
449
989
517
964
500
953
470
941
608
916
602
910
590
893
448
38
387
61
431
39
514
993
482
970
563
918
600
238
618
282
639
309
651
331
663
344
69
384
42
402
63
350
676
342
70
378
84
371
105
365
87
427
42
511
894
578
879
503
915
614
906
524
939
472
1003
497
991
492
50
488
978
460
27
432
60
407
17
389
710
286
617
905
525
934
552
920
542
999
455
984
532
964
463
976
557
919
597
197
765
181
803
146
826
164
797
258
629
275
699
365
119
780
253
788
137
834
160
808
142
846
159
831
148
792
207
782
251
596
925
537
57
397
733
273
696
373
72
377
44
495
14
409
2
433
26
388
37
449
888
508
993
447
2
496
877
549
913
609
211
763
190
791
224
606
918
571
902
619
233
602
867
169
799
228
699
953
668
937
473
861
174
812
152
822
617
915
545
930
227
621
277
703
398
16
392
1000
445
897
206
793
177
820
155
844
614
287
737
402
14
422
73
376
45
486
50
383
70
489
43
415
745
296
645
945
468
47
285
732
405
72
348
64
556
55
316
655
942
517
17
493
67
337
657
930
669
340
87
375
76
488
996
396
728
386
65
429
32
408
759
246
924
543
963
680
934
511
968
456
983
535
939
518
992
484
981
540
979
693
943
650
934
224
615
905
585
211
901
577
897
526
976
348
115
370
85
368
689
960
479
873
173
364
121
771
214
905
567
910
593
214
934
231
929
249
31
419
762
400
44
383
66
345
662
940
471
944
434
881
501
1002
438
895
497
871
171
806
617
843
163
830
610
910
612
919
569
903
550
59
326
647
944
680
355
70
381
1
491
68
426
972
478
964
697
955
464
72
555
889
487
23
388
60
323
659
929
235
592
912
193
893
457
901
203
935
635
885
499
6
395
997
446
950
475
858
175
801
260
36
458
965
694
374
88
936
521
888
484
891
198
358
77
939
652
930
671
932
228
604
917
601
234
923
225
913
606
214
356
675
945
747
936
201
772
117
369
190
361
164
788
619
770
126
969
510
939
197
892
491
50
283
55
907
566
99
373
714
408
3
487
53
304
49
496
87
491
62
544
899
201
606
208
357
674
958
480
866
180
766
623
919
231
615
824
157
841
162
5
376
75
382
25
498
927
237
925
634
948
740
401
43
459
46
492
893
443
46
392
734
395
738
951
665
937
520
916
598
239
590
915
547
906
582
423
71
922
530
967
120
774
202
771
427
67
339
215
896
488
900
525
965
682
944
657
946
523
907
613
231
930
81
372
103
953
716
949
462
996
711
403
74
566
918
235
23
190
887
450
852
172
864
489
72
352
661
949
467
993
421
74
517
69
518
66
494
907
206
783
143
813
134
779
621
821
266
38
256
793
147
801
130
814
263
952
698
374
81
420
26
394
701
949
648
940
687
947
644
953
639
954
246
952
106
519
96
494
71
312
55
301
61
298
72
492
24
374
78
362
984
372
188
882
505
5
399
728
401
726
949
636
759
178
376
688
946
529
927
70
424
809
132
898
574
903
563
98
586
900
545
901
49
278
41
902
546
886
194
360
206
770
112
870
509
894
486
27
513
20
503
883
500
868
491
900
490
890
482
865
168
853
141
832
614
920
611
789
254
934
210
779
217
352
668
926
644
321
59
325
656
950
709
954
534
88
552
93
564
74
412
751
931
210
917
236
609
246
30
432
53
900
204
775
209
909
507
886
562
60
328
219
785
252
921
629
787
212
915
237
599
917
249
937
670
325
658
788
149
800
618
919
192
894
199
902
495
95
584
906
210
777
118
979
373
991
380
3
393
27
374
6
368
194
936
664
957
642
936
648
321
220
920
493
900
494
911
38
197
16
868
481
897
499
916
33
267
950
691
370
108
772
178
862
452
575
75
354
215
795
257
35
262
43
430
578
78
399
752
927
244
595
913
246
930
84
560
70
410
80
529
86
375
689
372
85
568
71
498
69
425
806
125
784
211
787
623
737
938
481
878
450
794
619
832
612
220
349
259
798
179
877
502
904
506
905
229
954
677
943
516
910
244
922
628
929
517
940
684
942
95
557
885
486
879
737
946
653
945
649
935
751
946
715
951
524
910
48
487
885
186
768
187
886
439
43
446
57
291
46
374
66
335
217
903
207
587
101
960
717
990
722
987
719
986
367
2
394
86
558
897
443
37
431
818
154
780
208
55
457
44
274
13
871
484
884
485
4
918
605
241
917
607
825
956
713
981
134
835
115
790
403
746
939
514
937
240
927
239
922
645
947
267
37
381
1001
388
60
549
49
904
490
903
227
610
780
116
837
139
847
964
686
791
442
69
417
809
151
9
372
165
829
444
65
438
788
255
941
673
353
689
939
72
345
61
331
51
457
572
72
573
81
936
638
754
416
18
289
48
543
59
379
76
925
646
321
639
953
638
951
533
917
612
915
615
762
185
765
186
768
208
918
603
794
123
972
111
957
716
949
669
953
639
954
532
920
759
184
883
484
943
690
945
634
786
260
955
659
957
790
144
780
250
918
611
805
150
772
210
902
496
73
380
17
272
40
915
197
890
487
899
207
913
232
24
874
434
77
375
59
908
588
444
44
410
63
566
71
395
43
413
752
623
917
526
915
66
340
659
952
539
933
635
943
656
945
97
585
416
574
82
575
89
934
641
321
635
763
185
766
184
764
952
712
954
695
951
794
402
18
424
755
421
63
554
50
896
445
34
257
792
952
203
900
488
899
44
429
758
957
682
935
783
253
936
641
947
683
943
629
948
538
47
297
21
897
487
898
576
446
793
140
773
615
845
166
377
989
372
199
893
444
834
441
76
364
215
907
499
911
505
904
489
905
505
918
220
916
8
132
773
184
774
185
766
184
765
186
768
187
765
186
768
187
765
186
768
187
765
186
768
187
765
186
768
187
765
186
768
187
765
186
768
187
765
186
768
187
765
186
768
187
765
186
768
187
765
186
768
187
765
186
768
187
765
186
768
187
765
186
768
187
765
186
768
187
765
186
768
187
765
186
768
187
765
186
768
187
765
186
768
187
765
186
768
187
765
186
768
187
765
186
768
187
765
186
768
187
765
186
768
187
765
186
768
187
765
186
768
187
765
186
768
187
765
186
768
187
765
186
768
187
765
186
768
187
765
186
768
187
765
186
768
187
765
186
768
187
765
186
768
187
765
186
768
187
765
186
768
187
765
186
768
187
765
186
768
187
765
186
768
187
765
186
768
187
765
186
768
187
765
186
768
187
765
186
768
187
765
186
768
187
765
186
768
187
765
186
768
187
765
186
768
187
765
186
768
187
765
186
768
187
765
186
768
187
765
186
768
187
765
186
768
187
765
186
768
187
765
186
768
187
765
186
768
187
765
186
768
187
765
186
768
187
765
186
768
187
765
186
768
187
765
186
768
187
765
186
768
187
765
186
768
187
765
186
768
187
765
186
768
187
765
186
768
187
765
186
768
187
765
186
768
187
765
186
768
187
765
186
768
187
765
186
768
187
765
186
768
187
765
186
768
187
765
186
768
187
765
186
768
187
765
186
768
187
765
186
768
187
765
186
768
187
765
186
768
187
765
186
768
187
765
186
768
187
765
186
768
187
765
186
768
187
765
186
768
187
765
186
768
187
765
186
768
187
765
186
768
187
765
186
768
187
765
186
768
187
765
186
768
187
765
186
768
187
765
186
768
187
765
186
768
187
765
186
768
187
765
186
768
187
765
186
768
187
765
186
768
187
765
186
768
187
765
186
768
187
765
186
768
187
765
186
768
187
765
186
768
187
765
186
768
187
765
186
768
187
765
186
768
187
765
186
768
187
765
186
768
187
765
186
768
187
765
186
768
187
765
186
768
187
765
186
768
187
765
186
768
187
765
186
768
187
765
186
768
187
765
186
768
187
765
186
768
187
765
186
768
187
765
186
768
187
765
186
768
187
765
186
768
187
765
186
768
187
765
186
768
187
765
186
768
187
765
186
768
187
765
186
768
187
765
186
768
187
765
186
768
187
765
186
768
187
765
186
768
187
765
186
768
187
765
186
768
187
765
186
768
187
765
186
768
187
765
186
768
187
765
186
768
187
765
186
768
187
765
186
768
187
765
186
768
187
765
186
768
187
765
186
768
187
765
186
768
187
765
186
768
187
765
186
768
187
765
186
768
187
765
186
768
187
765
186
768
187
765
186
768
187
765
186
768
187
765
186
768
187
765
186
768
187
765
186
768
187
765
186
768
187
765
186
768
187
765
186
768
187
765
186
768
187
765
186
768
187
765
186
768
187
765
186
768
187
765
186
768
187
765
186
768
187
765
186
768
187
765
186
768
187
765
186
768
187
765
186
768
187
765
186
768
187
765
186
768
187
765
186
768
187
765
186
768
187
765
186
768
187
765
186
768
187
765
186
768
187
765
186
768
187
765
186
768
187
765
186
768
187
765
186
768
187
765
186
768
187
765
186
768
187
765
186
768
187
765
186
768
187
765
186
768
187
765
186
768
187
765
186
768
187
765
186
768
187
765
186
768
187
765
186
768
187
765
186
768
187
765
186
768
187
765
186
768
187
765
186
768
187
765
186
768
187
765
186
768
187
765
186
768
187
765
186
768
187
765
186
768
187
765
186
768
187
765
186
768
187
765
186
768
187
765
186
768
187
765
186
768
187
765
186
768
187
765
186
768
187
765
186
768
187
765
186
768
187
765
186
768
187
765
186
768
187
765
186
768
187
765
186
768
187
765
186
768
187
765
186
768
187
765
186
768
187
765
186
768
187
765
186
768
187
765
186
768
187
765
186
768
187
765
186
768
187
765
186
768
187
765
186
768
187
765
186
768
187
765
186
768
187
765
186
768
187
765
186
768
187
765
186
768
187
765
186
768
187
765
186
768
187
765
186
768
187
765
186
768
187
765
186
768
187
765
186
768
187
765
186
768
187
765
186
768
187
765
186
768
187
765
186
768
187
765
186
768
187
765
186
768
187
765
186
768
187
765
186
768
187
765
186
768
187
765
186
768
187
765
186
768
187
765
186
768
187
765
186
768
187
765
186
768
187
765
186
768
187
765
186
768
187
765
186
768
187
765
186
768
187
765
186
768
187
765
186
768
187
765
186
768
187
765
186
768
187
765
186
768
187
765
186
768
187
765
186
768
187
765
186
768
187
765
186
768
187
765
186
768
187
765
186
768
187
765
186
768
187
765
186
768
187
765
186
768
187
765
186
768
187
765
186
768
187
765
186
768
187
765
186
768
187
765
186
768
187
765
186
768
187
765
186
768
187
765
186
768
187
765
186
768
187
765
186
768
187
765
186
768
187
765
186
768
187
765
186
768
187
765
186
768
187
765
186
768
187
765
186
768
187
765
186
768
187
765
186
768
187
765
186
768
187
765
186
768
187
765
186
768
187
765
186
768
187
765
186
768
187
765
186
768
187
765
186
768
187
765
186
768
187
765
186
768
187
765
186
768
187
765
186
768
187
765
186
768
187
765
186
768
187
765
186
768
187
765
186
768
187
765
186
768
187
765
186
768
187
765
186
768
187
765
186
768
187
765
186
768
187
765
186
768
187
765
186
768
187
765
186
768
187
765
186
768
187
765
186
768
187
765
186
768
187
765
186
768
187
765
186
768
187
765
186
768
187
765
186
768
187
765
186
768
187
765
186
768
187
765
186
768
187
765
186
768
187
765
186
768
187
765
186
768
187
765
186
768
187
765
186
768
187
765
186
768
187
765
186
768
187
765
186
768
187
765
186
768
187
765
186
768
187
765
186
768
187
765
186
768
187
765
186
768
187
765
186
768
187
765
186
768
187
765
186
768
187
765
186
768
187
765
186
768
187
765
186
768
187
765
186
768
187
765
186
768
187
765
186
768
187
765
186
768
187
765
186
768
187
765
186
768
187
765
186
768
187
765
186
768
187
765
186
768
187
765
186
768
187
765
186
768
187
765
186
768
187
765
186
768
187
765
186
768
187
765
186
768
187
765
186
768
187
765
186
768
187
765
186
768
187
765
186
768
187
765
186
768
187
765
186
768
187
765
186
768
187
765
186
768
187
765
186
768
187
765
186
768
187
765
186
768
187
765
186
768
187
765
186
768
187
765
186
768
187
765
186
768
187
765
186
768
187
765
186
768
187
765
186
768
187
765
186
768
187
765
186
768
187
765
186
768
187
765
186
768
187
765
186
768
187
765
186
768
187
765
186
768
187
765
186
768
187
765
186
768
187
765
186
768
187
765
186
768
187
765
186
768
187
765
186
768
187
765
186
768
187
765
186
768
187
765
186
768
187
765
186
768
187
765
186
768
187
765
186
768
187
765
186
768
187
765
186
768
187
765
186
768
187
765
186
768
187
765
186
768
187
765
186
768
187
765
186
768
187
765
186
768
187
765
186
768
187
765
186
768
187
765
186
768
187
765
186
768
187
765
186
768
187
765
186
768
187
765
186
768
187
765
186
768
187
765
186
768
187
765
186
768
187
765
186
768
187
765
186
768
187
765
186
768
187
765
186
768
187
765
186
768
187
765
186
768
187
765
186
768
187
765
186
768
187
765
186
768
187
765
186
768
187
765
186
768
187
765
186
768
187
765
186
768
187
765
186
768
187
765
186
768
187
765
186
768
187
765
186
768
187
765
186
768
187
765
186
768
187
765
186
768
187
765
186
768
187
765
186
768
187
765
186
768
187
765
186
768
187
765
186
768
187
765
186
768
187
765
186
768
187
765
186
768
187
765
186
768
187
765
186
768
187
765
186
768
187
765
186
768
187
765
186
768
187
765
186
768
187
765
186
768
187
765
186
768
187
765
186
768
187
765
186
768
187
765
186
768
187
765
186
768
187
765
186
768
187
765
186
768
187
765
186
768
187
765
186
768
187
765
186
768
187
765
186
768
187
765
186
768
187
765
186
768
187
765
186
768
187
765
186
768
187
765
186
768
187
765
186
768
187
765
186
768
187
765
186
768
187
765
186
768
187
765
186
768
187
765
186
768
187
765
186
768
187
765
186
768
187
765
186
768
187
765
186
768
187
765
186
768
187
765
186
768
187
765
186
768
187
765
186
768
187
765
186
768
187
765
186
768
187
765
186
768
187
765
186
768
187
765
186
768
187
765
186
768
187
765
186
768
187
765
186
768
187
765
186
768
187
765
186
768
187
765
186
768
187
765
186
768
187
765
186
768
187
765
186
768
187
765
186
768
187
765
186
768
187
765
186
768
187
765
186
768
187
765
186
768
187
765
186
768
187
765
186
768
187
765
186
768
187
765
186
768
187
765
186
768
187
765
186
768
187
765
186
768
187
765
186
768
187
765
186
768
187
765
186
768
187
765
186
768
187
765
186
768
187
765
186
768
187
765
186
768
187
765
186
768
187
765
186
768
187
765
186
768
187
765
186
768
187
765
186
768
187
765
186
768
187
765
186
768
187
765
186
768
187
765
186
768
187
765
186
768
187
765
186
768
187
765
186
768
187
765
186
768
187
765
186
768
187
765
186
768
187
765
186
768
187
765
186
768
187
765
186
768
187
765
186
768
187
765
186
768
187
765
186
768
187
765
186
768
187
765
186
768
187
765
186
768
187
765
186
768
187
765
186
768
187
765
186
768
187
765
186
768
187
765
186
768
187
765
186
768
187
765
186
768
187
765
186
768
187
765
186
768
187
765
186
768
187
765
186
768
187
765
186
768
187
765
186
768
187
765
186
768
187
765
186
768
187
765
186
768
187
765
186
768
187
765
186
768
187
765
186
768
187
765
186
768
187
765
186
768
187
765
186
768
187
765
186
768
187
765
186
768
187
765
186
768
187
765
186
768
187
765
186
768
187
765
186
768
187
765
186
768
187
765
186
768
187
765
186
768
187
765
186
768
187
765
186
768
187
765
186
768
187
765
186
768
187
765
186
768
187
765
186
768
187
765
186
768
187
765
186
768
187
765
186
768
187
765
186
768
187
765
186
768
187
765
186
768
187
765
186
768
187
765
186
768
187
765
186
768
187
765
186
768
187
765
186
768
187
765
186
768
187
765
186
768
187
765
186
768
187
765
186
768
187
765
186
768
187
765
186
768
187
765
186
768
187
765
186
768
187
765
186
768
187
765
186
768
187
765
186
768
187
765
186
768
187
765
186
768
187
765
186
768
187
765
186
768
187
765
186
768
187
765
186
768
187
765
186
768
187
765
186
768
187
765
186
768
187
765
186
768
187
765
186
768
187
765
186
768
187
765
186
768
187
765
186
768
187
765
186
768
187
765
186
768
187
765
186
768
187
765
186
768
187
765
186
768
187
765
186
768
187
765
186
768
187
765
186
768
187
765
186
768
187
765
186
768
187
765
186
768
187
765
186
768
187
765
186
768
187
765
186
768
187
765
186
768
187
765
186
768
187
765
186
768
187
765
186
768
187
765
186
768
187
765
186
768
187
765
186
768
187
765
186
768
187
765
186
768
187
765
186
768
187
765
186
768
187
765
186
768
187
765
186
768
187
765
186
768
187
765
186
768
187
765
186
768
187
765
186
768
187
765
186
768
187
765
186
768
187
765
186
768
187
765
186
768
187
765
186
768
187
765
186
768
187
765
186
768
187
765
186
768
187
765
186
768
187
765
186
768
187
765
186
768
187
765
186
768
187
765
186
768
187
765
186
768
187
765
186
768
187
765
186
768
187
765
186
768
187
765
186
768
187
765
186
768
187
765
186
768
187
765
186
768
187
765
186
768
187
765
186
768
187
765
186
768
187
765
186
768
187
765
186
768
187
765
186
768
187
765
186
768
187
765
186
768
187
765
186
768
187
765
186
768
187
765
186
768
187
765
186
768
187
765
186
768
187
765
186
768
187
765
186
768
187
765
186
768
187
765
186
768
187
765
186
768
187
765
186
768
187
765
186
768
187
765
186
768
187
765
186
768
187
765
186
768
187
765
186
768
187
765
186
768
187
765
186
768
