2000
411
23
432
49
409
24
430
51
408
27
392
53
406
64
391
55
483
958
527
932
506
988
525
1000
437
22
433
1001
521
917
537
956
491
991
438
19
520
918
466
962
482
996
438
14
416
23
420
1004
520
948
547
916
595
905
583
889
491
933
453
974
559
915
548
945
486
957
535
931
623
267
639
284
705
375
64
385
704
235
620
272
723
312
637
287
737
269
724
306
658
334
677
349
656
339
669
326
709
234
804
181
819
262
731
288
618
274
700
225
791
167
752
305
674
356
27
398
53
429
90
404
27
519
965
465
992
503
876
473
961
526
986
439
12
452
975
509
922
539
951
546
917
604
199
775
152
820
179
761
201
771
169
786
216
696
376
63
428
1002
421
13
482
870
500
983
440
903
596
210
786
255
628
264
725
399
32
385
85
405
65
372
706
366
65
390
702
317
634
936
483
993
462
966
472
879
492
932
533
982
555
886
495
861
211
603
894
494
862
207
611
913
549
910
582
906
593
215
790
252
629
320
657
311
751
184
799
165
809
187
747
316
636
340
650
942
526
934
251
792
166
754
301
715
254
788
168
740
233
922
456
970
347
686
373
64
396
40
415
26
409
3
400
52
407
738
230
602
902
446
938
248
631
939
445
991
422
12
546
901
448
949
468
882
507
926
529
996
460
969
359
667
333
72
365
67
335
657
942
466
951
675
352
649
315
722
273
41
413
16
212
594
182
797
212
588
909
550
900
644
280
706
383
65
395
41
437
997
164
814
260
782
174
806
247
941
660
955
670
324
619
256
774
157
830
144
1001
160
828
178
598
200
844
136
578
907
573
124
582
187
607
289
944
487
935
268
622
234
921
541
930
253
789
161
823
142
1004
416
64
368
692
296
736
411
45
270
621
933
221
795
188
771
257
918
237
742
406
36
437
897
646
949
656
360
985
380
714
302
659
895
551
74
326
971
454
923
229
745
242
934
489
885
509
893
434
20
204
606
192
756
252
47
267
625
929
543
920
457
967
697
367
969
350
668
942
647
353
65
388
703
947
246
632
263
52
242
595
275
614
310
86
257
626
341
972
693
378
27
386
722
929
493
865
467
901
501
867
483
947
531
924
225
57
377
689
979
133
838
197
608
288
631
267
947
662
327
651
308
977
332
962
471
922
249
36
419
1
141
852
486
863
146
987
357
684
348
679
953
673
332
101
302
984
478
849
139
6
435
768
182
765
207
586
216
925
728
392
58
222
792
189
601
919
731
271
42
382
717
937
450
905
439
18
131
8
427
1004
171
757
959
475
931
512
891
743
295
616
273
641
262
812
176
762
423
998
153
815
989
145
793
250
794
251
940
644
949
682
973
708
374
683
365
967
709
289
82
240
623
259
783
171
801
148
843
196
590
219
940
279
600
198
607
209
909
441
48
246
942
239
922
515
943
712
386
1004
373
41
325
972
700
987
834
159
1
401
737
410
747
953
716
390
56
378
2
336
649
941
642
310
638
286
953
103
232
924
253
920
517
904
464
963
96
240
53
443
14
138
25
425
20
321
664
344
976
822
180
769
172
1001
163
753
414
15
126
27
884
511
947
660
951
514
927
494
855
143
991
832
184
592
908
214
582
203
599
175
603
194
591
266
49
285
972
712
381
40
273
601
909
499
857
999
300
627
265
717
981
342
971
346
79
256
785
941
639
297
735
953
677
358
963
686
949
479
842
1002
866
985
322
643
283
942
665
330
70
267
695
944
458
906
442
913
461
953
529
941
634
273
928
248
616
228
926
210
88
232
623
293
631
878
505
896
436
39
397
732
956
241
622
322
955
699
369
690
363
694
947
695
948
665
338
37
326
631
841
187
8
855
642
292
47
908
732
912
36
124
971
698
227
585
782
254
105
207
18
298
636
258
64
288
33
292
955
246
920
241
708
384
38
417
13
198
597
175
1
426
38
896
736
418
6
183
767
191
765
960
463
581
225
27
237
614
928
727
955
659
917
472
829
993
150
342
678
948
470
847
984
719
393
721
988
379
698
391
740
404
753
890
433
772
960
245
32
915
60
220
108
964
238
597
266
609
195
601
202
112
321
73
250
919
523
923
446
813
464
855
969
679
346
663
955
313
634
938
628
327
962
240
76
948
654
309
951
775
560
759
964
534
578
477
828
996
371
688
364
666
953
740
894
506
889
768
363
994
843
445
13
309
650
335
987
707
392
996
718
946
666
354
959
755
884
635
264
929
236
584
215
596
200
589
415
749
956
283
7
916
516
905
24
431
585
472
826
632
299
33
235
970
676
360
764
410
730
900
447
906
497
938
645
282
85
935
624
277
44
927
520
914
488
857
491
924
606
210
614
925
605
213
22
880
779
253
965
337
648
945
650
330
653
307
62
262
809
982
128
222
790
226
101
949
684
963
797
971
333
668
946
660
329
655
352
966
868
981
799
962
666
325
951
346
644
947
710
387
723
956
734
995
320
68
923
557
779
615
216
587
424
989
851
467
913
440
907
56
274
1004
306
49
316
641
271
612
235
702
960
485
576
763
962
244
925
53
267
37
257
95
986
248
954
276
637
281
48
295
645
192
592
232
618
775
580
413
751
916
57
290
46
919
501
887
28
198
115
244
149
997
478
861
1000
292
946
457
907
446
261
617
224
623
265
41
272
611
288
626
318
36
289
599
226
620
294
110
215
585
451
852
473
818
981
712
389
725
996
379
686
370
681
359
135
999
254
781
557
776
252
65
322
978
375
703
965
670
343
81
947
640
823
971
262
955
336
30
248
587
175
589
758
408
741
340
981
279
639
937
632
287
974
780
877
14
865
986
721
395
228
98
955
308
961
679
970
784
255
631
938
620
267
37
900
8
265
994
532
1
536
569
503
898
442
889
18
216
616
282
626
260
793
969
346
661
354
680
351
969
321
650
938
627
256
941
690
944
246
988
407
756
168
758
950
693
962
753
959
770
736
402
992
873
628
309
987
897
498
859
1
169
599
196
618
207
92
314
952
726
412
986
403
990
830
481
854
994
373
701
377
691
963
524
580
768
965
93
255
621
263
132
344
146
195
607
258
792
973
332
630
291
641
270
933
62
325
60
323
56
320
36
221
605
780
834
968
121
234
165
194
23
222
600
205
361
982
316
113
973
381
700
980
807
988
863
1001
303
53
270
637
887
775
575
755
612
210
371
674
968
682
972
374
705
394
730
939
70
333
759
581
444
9
281
647
893
513
897
30
883
26
935
248
925
251
972
295
4
916
522
912
11
880
761
709
385
698
398
725
404
738
1002
175
585
415
591
914
593
195
589
245
939
630
875
14
322
86
217
17
437
909
453
952
655
323
638
939
448
280
55
911
438
900
433
216
604
195
610
200
596
914
599
231
50
930
729
951
672
362
684
961
668
952
719
956
238
27
206
378
714
986
308
635
277
12
896
40
253
636
824
981
802
975
119
259
622
274
451
947
674
345
267
587
789
973
832
996
892
20
215
621
262
932
245
78
275
49
288
65
924
664
340
217
140
257
624
212
913
473
910
508
924
478
838
969
235
922
968
794
578
782
605
213
67
305
638
268
621
284
633
289
639
266
49
434
260
585
762
953
653
338
649
351
678
952
673
360
676
355
218
33
302
623
209
440
17
285
84
964
771
971
786
962
665
941
658
776
966
361
656
951
713
948
253
33
912
61
258
955
697
223
620
274
18
868
999
157
2
902
42
246
975
278
113
8
417
283
52
934
248
975
240
91
228
625
685
373
992
720
338
236
707
944
25
881
634
266
136
286
625
671
378
708
950
248
185
17
871
779
971
350
673
961
313
990
716
396
726
281
67
950
331
985
269
444
904
993
846
998
539
564
446
912
519
904
27
891
439
895
441
898
480
834
998
310
647
303
636
307
647
292
643
282
79
947
669
363
964
246
50
906
14
930
56
264
641
317
625
254
996
345
984
729
399
715
384
705
376
699
651
899
642
275
628
698
224
670
943
664
947
703
949
663
955
746
398
731
957
676
799
654
798
966
778
975
279
946
806
957
108
256
316
638
294
51
922
14
876
764
619
775
953
716
666
767
576
788
599
214
442
25
438
289
65
262
971
243
626
236
970
102
302
639
268
720
580
473
572
780
970
300
629
269
721
397
992
849
791
977
385
698
225
617
704
616
201
97
323
64
973
355
982
393
234
152
1001
282
644
941
90
957
759
812
260
624
265
41
916
27
884
984
314
965
340
72
324
976
322
48
318
959
107
281
388
733
690
216
23
221
700
370
977
912
448
578
782
960
59
910
29
286
610
191
14
444
583
208
432
287
627
236
600
276
637
270
425
49
285
45
280
20
286
950
280
55
988
145
995
258
984
144
283
932
42
273
628
805
629
806
628
804
627
805
628
804
627
805
628
804
627
805
628
804
627
805
628
804
627
805
628
804
627
805
628
804
627
805
628
804
627
805
628
804
627
805
628
804
627
805
628
804
627
805
628
804
627
805
628
804
627
805
628
804
627
805
628
804
627
805
628
804
627
805
628
804
627
805
628
804
627
805
628
804
627
805
628
804
627
805
628
804
627
805
628
804
627
805
628
804
