2000
411
23
432
49
409
24
430
51
408
27
392
53
406
28
429
1
536
942
515
911
454
950
512
984
505
961
472
908
517
940
537
1001
433
22
442
1
418
23
441
46
379
704
279
635
297
652
307
633
299
716
264
635
286
711
376
53
399
32
387
54
373
681
356
713
265
622
930
522
902
579
889
491
953
510
1003
504
986
470
910
516
941
525
901
581
887
585
901
539
939
485
957
473
980
382
700
370
55
386
33
380
701
273
638
261
724
276
637
262
718
369
56
365
62
360
685
352
752
187
809
169
791
255
780
172
799
192
836
168
813
186
761
336
632
309
622
287
709
378
53
427
29
403
5
502
869
478
926
544
900
526
927
623
224
791
189
848
163
820
183
767
346
743
293
616
930
447
20
443
997
469
965
498
990
466
902
575
889
527
899
549
958
457
918
519
903
451
19
434
998
465
945
514
948
662
324
620
289
675
362
57
426
31
401
52
394
32
422
991
477
952
511
985
496
873
586
195
805
174
786
216
613
931
517
904
573
120
824
150
849
139
821
160
840
146
814
161
731
284
642
934
253
784
217
610
310
651
334
762
176
793
221
607
195
591
227
622
936
248
786
258
725
367
692
216
917
552
898
531
949
513
979
342
669
947
247
789
214
693
265
606
230
747
303
655
949
489
890
594
183
802
165
829
143
856
128
830
205
791
179
597
231
744
413
9
438
912
514
943
451
965
333
668
954
488
17
489
16
487
15
437
48
417
5
409
748
158
838
114
963
470
996
445
1004
503
916
223
686
382
55
372
712
237
931
255
777
259
639
939
543
896
439
903
578
170
794
252
939
236
590
266
929
256
771
176
769
257
726
233
735
277
636
338
960
506
889
547
74
343
59
361
676
350
57
367
980
136
854
159
747
175
772
197
812
260
719
389
53
374
705
234
947
674
384
697
968
321
660
949
453
963
459
924
520
902
554
75
327
616
239
929
629
280
53
499
40
500
944
677
347
970
366
694
973
568
80
306
654
952
243
621
288
48
411
11
193
798
254
788
226
780
207
825
149
851
472
881
507
953
652
326
980
336
59
425
41
402
30
428
5
158
583
196
602
919
259
767
174
769
341
678
228
786
230
787
190
785
191
819
140
584
902
449
966
491
878
631
266
948
665
362
759
171
754
321
621
230
27
431
897
532
920
479
956
474
875
511
71
333
95
566
902
524
938
641
888
529
899
441
943
679
221
931
628
291
644
269
594
241
806
173
1002
135
859
492
915
539
887
646
304
626
319
662
958
471
962
322
97
571
110
967
687
349
642
271
927
240
923
557
89
373
706
980
312
627
292
604
199
801
166
741
411
986
143
577
113
316
969
448
41
418
53
397
42
265
632
278
705
983
498
891
434
16
192
786
191
775
185
765
172
773
217
937
538
9
148
844
155
589
188
788
168
757
181
834
186
783
223
796
228
928
249
935
560
96
562
94
561
96
563
97
562
94
337
666
354
682
968
327
975
551
70
340
68
501
62
357
664
957
688
220
949
455
910
223
599
196
817
172
600
188
29
405
732
273
41
398
734
151
736
150
735
151
736
150
735
151
736
150
735
151
736
150
735
151
736
150
735
151
736
150
735
151
736
150
735
151
736
150
735
151
736
150
735
151
736
150
735
151
736
150
735
151
736
150
735
151
736
150
735
151
736
150
735
151
736
150
735
151
736
150
735
151
736
150
735
151
736
150
735
151
736
150
735
151
736
150
735
151
736
150
735
151
736
150
735
151
736
150
735
151
736
150
735
151
736
150
735
151
736
150
735
151
736
150
735
151
736
150
735
151
736
150
735
151
736
150
735
151
736
150
735
151
736
150
735
151
736
150
735
151
736
150
735
151
736
150
735
151
736
150
735
151
736
150
735
151
736
150
735
151
736
150
735
151
736
150
735
151
736
150
735
151
736
150
735
151
736
150
735
151
736
150
735
151
736
150
735
151
736
150
735
151
736
150
735
151
736
150
735
151
736
150
735
151
736
150
735
151
736
150
735
151
736
150
735
151
736
150
735
151
736
150
735
151
736
150
735
151
736
150
735
151
736
150
735
151
736
150
735
151
736
150
735
151
736
150
735
151
736
150
735
151
736
150
735
151
736
150
735
151
736
150
735
151
736
150
735
151
736
150
735
151
736
150
735
151
736
150
735
151
736
150
735
151
736
150
735
151
736
150
735
151
736
150
735
151
736
150
735
151
736
150
735
151
736
150
735
151
736
150
735
151
736
150
735
151
736
150
735
151
736
150
735
151
736
150
735
151
736
150
735
151
736
150
735
151
736
150
735
151
736
150
735
151
736
150
735
151
736
150
735
151
736
150
735
151
736
150
735
151
736
150
735
151
736
150
735
151
736
150
735
151
736
150
735
151
736
150
735
151
736
150
735
151
736
150
735
151
736
150
735
151
736
150
735
151
736
150
735
151
736
150
735
151
736
150
735
151
736
150
735
151
736
150
735
151
736
150
735
151
736
150
735
151
736
150
735
151
736
150
735
151
736
150
735
151
736
150
735
151
736
150
735
151
736
150
735
151
736
150
735
151
736
150
735
151
736
150
735
151
736
150
735
151
736
150
735
151
736
150
735
151
736
150
735
151
736
150
735
151
736
150
735
151
736
150
735
151
736
150
735
151
736
150
735
151
736
150
735
151
736
150
735
151
736
150
735
151
736
150
735
151
736
150
735
151
736
150
735
151
736
150
735
151
736
150
735
151
736
150
735
151
736
150
735
151
736
150
735
151
736
150
735
151
736
150
735
151
736
150
735
151
736
150
735
151
736
150
735
151
736
150
735
151
736
150
735
151
736
150
735
151
736
150
735
151
736
150
735
151
736
150
735
151
736
150
735
151
736
150
735
151
736
150
735
151
736
150
735
151
736
150
735
151
736
150
735
151
736
150
735
151
736
150
735
151
736
150
735
151
736
150
735
151
736
150
735
151
736
150
735
151
736
150
735
151
736
150
735
151
736
150
735
151
736
150
735
151
736
150
735
151
736
150
735
151
736
150
735
151
736
150
735
151
736
150
735
151
736
150
735
151
736
150
735
151
736
150
735
151
736
150
735
151
736
150
735
151
736
150
735
151
736
150
735
151
736
150
735
151
736
150
735
151
736
150
735
151
736
150
735
151
736
150
735
151
736
150
735
151
736
150
735
151
736
150
735
151
736
150
735
151
736
150
735
151
736
150
735
151
736
150
735
151
736
150
735
151
736
150
735
151
736
150
735
151
736
150
735
151
736
150
735
151
736
150
735
151
736
150
735
151
736
150
735
151
736
150
735
151
736
150
735
151
736
150
735
151
736
150
735
151
736
150
735
151
736
150
735
151
736
150
735
151
736
150
735
151
736
150
735
151
736
150
735
151
736
150
735
151
736
150
735
151
736
150
735
151
736
150
735
151
736
150
735
151
736
150
735
151
736
150
735
151
736
150
735
151
736
150
735
151
736
150
735
151
736
150
735
151
736
150
735
151
736
150
735
151
736
150
735
151
736
150
735
151
736
150
735
151
736
150
735
151
736
150
735
151
736
150
735
151
736
150
735
151
736
150
735
151
736
150
735
151
736
150
735
151
736
150
735
151
736
150
735
151
736
150
735
151
736
150
735
151
736
150
735
151
736
150
735
151
736
150
735
151
736
150
735
151
736
150
735
151
736
150
735
151
736
150
735
151
736
150
735
151
736
150
735
151
736
150
735
151
736
150
735
151
736
150
735
151
736
150
735
151
736
150
735
151
736
150
735
151
736
150
735
151
736
150
735
151
736
150
735
151
736
150
735
151
736
150
735
151
736
150
735
151
736
150
735
151
736
150
735
151
736
150
735
151
736
150
735
151
736
150
735
151
736
150
735
151
736
150
735
151
736
150
735
151
736
150
735
151
736
150
735
151
736
150
735
151
736
150
735
151
736
150
735
151
736
150
735
151
736
150
735
151
736
150
735
151
736
150
735
151
736
150
735
151
736
150
735
151
736
150
735
151
736
150
735
151
736
150
735
151
736
150
735
151
736
150
735
151
736
150
735
151
736
150
735
151
736
150
735
151
736
150
735
151
736
150
735
151
736
150
735
151
736
150
735
151
736
150
735
151
736
150
735
151
736
150
735
151
736
150
735
151
736
150
735
151
736
150
735
151
736
150
735
151
736
150
735
151
736
150
735
151
736
150
735
151
736
150
735
151
736
150
735
151
736
150
735
151
736
150
735
151
736
150
735
151
736
150
735
151
736
150
735
151
736
150
735
151
736
150
735
151
736
150
735
151
736
150
735
151
736
150
735
151
736
150
735
151
736
150
735
151
736
150
735
151
736
150
735
151
736
150
735
151
736
150
735
151
736
150
735
151
736
150
735
151
736
150
735
151
736
150
735
151
736
150
735
151
736
150
735
151
736
150
735
151
736
150
735
151
736
150
735
151
736
150
735
151
736
150
735
151
736
150
735
151
736
150
735
151
736
150
735
151
736
150
735
151
736
150
735
151
736
150
735
151
736
150
735
151
736
150
735
151
736
150
735
151
736
150
735
151
736
150
