2000
400
25
427
49
439
24
429
15
440
23
405
51
425
65
399
52
385
707
371
682
352
665
333
648
300
637
276
728
320
630
277
703
376
53
383
26
426
50
408
1003
529
942
507
899
515
918
599
912
520
931
478
956
460
913
513
960
459
915
481
939
471
957
477
972
361
56
375
706
284
627
301
618
229
610
910
532
938
643
275
731
395
52
404
24
434
49
411
1001
441
14
448
961
506
943
525
929
501
985
469
940
640
283
629
252
610
302
624
928
526
898
576
887
482
858
490
952
668
331
650
298
713
369
56
372
72
393
53
379
701
386
25
418
50
386
983
486
859
182
799
170
823
192
765
338
639
262
716
296
652
900
514
942
454
975
498
876
545
906
510
892
564
877
589
192
9
442
22
407
1004
497
919
238
610
207
779
160
1001
430
43
440
994
418
34
399
26
189
816
167
1000
505
944
670
328
50
333
72
367
57
359
665
953
657
320
72
274
735
953
488
978
453
938
472
906
586
209
603
255
938
248
616
219
789
223
611
906
456
947
737
928
621
228
920
535
888
641
336
667
357
686
955
479
926
743
292
53
381
712
941
530
903
746
295
90
260
718
385
987
442
20
212
599
257
37
396
728
930
249
40
413
749
895
486
946
524
889
750
409
1002
145
14
158
790
179
4
406
740
909
492
867
760
885
522
917
607
254
92
222
615
266
633
287
62
354
681
962
338
965
495
999
435
20
142
32
422
992
441
989
539
933
241
608
305
650
941
639
290
57
365
691
962
458
992
147
9
159
793
924
463
973
709
382
29
377
702
938
737
279
64
234
620
278
599
268
79
227
622
217
790
221
585
229
74
269
722
932
248
943
675
346
770
879
500
944
468
986
456
956
664
360
975
334
645
293
49
321
974
702
943
635
264
602
191
13
204
612
307
987
149
67
281
931
259
594
915
741
905
517
936
717
389
699
976
512
895
782
575
445
955
728
920
739
897
747
414
1000
163
807
878
749
891
511
921
222
104
960
340
671
355
679
964
350
683
958
281
945
658
315
952
737
407
3
384
711
947
247
51
239
589
773
861
9
195
587
432
17
131
37
267
631
300
654
321
629
339
624
226
788
882
767
959
109
215
623
246
957
699
378
55
375
704
948
264
82
226
101
968
450
572
777
849
1004
401
734
282
641
937
290
709
977
698
391
723
945
288
741
918
509
907
455
584
227
33
245
971
451
585
189
46
429
989
841
780
948
467
583
763
883
14
184
596
265
41
446
954
522
938
714
297
651
938
484
567
456
984
318
660
311
617
233
56
260
606
208
112
198
59
356
678
965
312
642
276
958
470
836
991
728
925
738
911
507
932
258
112
186
10
431
997
437
46
279
933
720
388
29
398
730
989
135
16
203
42
241
612
215
601
273
41
388
700
972
337
640
937
635
293
957
706
948
78
930
724
390
716
383
4
379
688
370
695
959
682
366
964
757
887
752
408
751
913
519
564
488
858
776
643
324
955
314
1004
172
27
231
613
220
106
1000
412
758
326
648
938
645
342
673
959
234
69
967
345
676
372
32
248
956
278
940
690
368
988
871
773
864
11
155
30
210
601
225
89
941
443
588
415
593
431
1000
442
945
712
938
705
970
371
689
972
791
835
997
443
574
749
902
510
886
981
122
45
914
472
956
308
48
312
650
322
626
236
588
783
612
211
604
267
55
226
598
270
45
128
197
605
920
607
259
99
242
614
206
123
978
330
672
347
659
761
175
1
298
638
289
996
254
593
441
578
759
175
765
418
767
625
256
611
920
613
234
50
909
519
904
3
350
656
309
977
454
569
471
915
41
262
605
298
633
326
954
240
961
528
962
272
927
724
924
480
835
977
691
392
735
394
721
944
317
951
798
880
6
174
23
227
77
143
15
206
87
982
819
966
350
666
358
677
362
662
754
408
744
291
634
286
953
681
374
693
729
387
709
581
778
853
995
111
212
94
954
283
636
264
58
185
590
168
587
769
875
501
558
528
943
289
4
396
739
936
722
991
865
493
908
508
887
23
222
37
264
621
232
52
302
47
233
25
403
745
597
216
619
220
108
967
759
412
982
354
684
358
1
333
970
799
832
472
825
474
832
988
407
733
404
298
635
304
943
297
641
285
442
905
22
201
136
183
1
869
13
152
990
132
187
36
939
248
34
356
669
952
664
959
492
925
761
877
8
268
624
243
626
230
72
943
672
343
426
204
125
70
928
514
919
520
928
493
540
458
817
957
524
929
264
628
294
632
940
633
313
637
940
641
306
631
672
952
666
338
654
319
631
940
647
292
438
579
433
332
652
941
655
314
949
776
592
415
596
410
994
849
786
971
851
947
700
955
698
373
689
781
580
422
591
755
963
888
984
862
995
439
315
984
106
76
118
969
763
960
507
462
576
671
348
420
213
594
759
690
962
763
898
956
744
682
364
694
369
406
206
134
1000
300
986
714
980
710
380
677
365
991
282
645
316
447
238
27
227
31
925
12
274
4
62
211
377
320
642
580
763
736
615
219
616
774
908
1
870
832
777
608
215
119
997
843
955
250
920
256
629
260
53
216
25
903
9
169
140
988
66
205
163
6
866
765
336
437
17
894
34
922
779
944
327
759
577
751
674
341
768
951
294
426
17
430
209
593
735
600
223
582
779
848
992
819
857
990
443
261
61
934
786
818
772
884
12
442
295
970
288
48
222
53
137
9
170
1
873
941
73
98
2
916
515
572
466
813
893
20
286
932
283
252
440
414
349
652
310
984
123
975
244
264
623
680
360
664
638
280
979
263
623
692
386
717
588
678
363
672
361
966
119
12
164
4
180
17
285
12
289
17
195
9
156
1000
915
45
280
53
213
124
13
192
171
2
862
995
159
6
870
967
839
993
443
487
574
766
337
764
600
234
445
911
14
888
790
946
785
975
279
306
961
275
619
226
591
241
28
232
584
215
606
225
610
215
65
88
966
357
445
552
578
444
908
999
437
283
638
271
622
292
407
983
399
716
650
318
436
260
348
664
332
949
308
22
885
997
101
5
876
975
333
423
213
38
218
35
979
894
4
928
761
329
950
336
968
338
649
595
702
960
759
585
236
590
748
722
939
68
966
784
935
272
50
231
618
209
356
224
615
219
442
207
19
882
1002
868
942
768
705
382
271
627
262
287
429
346
415
297
989
841
920
10
167
64
258
62
194
36
249
226
583
753
679
366
672
629
264
620
214
603
777
628
592
639
286
370
672
368
688
661
330
668
354
678
351
773
973
116
79
212
579
458
527
548
448
262
399
277
428
257
60
278
63
225
357
664
325
274
47
291
63
188
8
289
975
272
305
986
298
275
627
226
599
214
602
764
784
948
30
944
15
931
990
128
1
403
269
447
503
434
518
914
56
216
617
704
623
262
629
277
626
580
684
351
440
260
435
211
611
268
340
446
904
993
89
984
109
959
85
212
64
1
884
20
216
617
231
622
285
632
309
636
656
355
677
350
672
336
985
823
799
975
798
884
1
898
936
791
900
942
13
981
66
220
619
231
618
263
53
222
46
266
636
270
631
257
989
252
226
613
206
617
763
957
768
950
771
942
13
902
778
952
744
714
388
277
624
262
399
301
970
308
652
302
970
245
31
944
29
929
10
878
18
206
44
211
65
220
64
225
343
323
97
213
26
230
252
221
586
748
722
607
301
986
303
326
758
617
763
583
696
370
335
660
330
962
319
393
257
993
825
985
91
989
119
975
853
980
356
675
355
271
415
283
328
760
604
780
577
786
764
784
254
431
260
53
222
45
228
248
220
64
200
605
686
367
681
365
964
364
664
319
964
359
980
361
260
53
204
16
906
513
579
448
582
767
580
782
966
773
868
14
922
761
928
14
941
19
918
778
962
702
373
687
361
260
412
210
611
268
399
314
636
276
599
639
279
623
265
443
274
422
266
631
279
626
265
621
276
628
257
791
256
109
984
803
976
786
962
759
585
763
964
987
832
967
107
220
65
206
14
867
1
874
969
94
246
943
249
221
23
216
241
97
218
27
213
33
938
775
943
9
894
2
873
958
679
345
672
344
23
342
996
862
500
443
260
798
259
222
242
220
247
221
251
222
50
15
923
604
746
612
924
616
259
290
626
265
621
925
619
220
64
982
307
636
266
629
276
631
266
635
274
636
304
437
385
708
381
700
374
688
959
759
967
785
926
18
913
933
799
978
820
940
795
938
751
940
771
938
851
935
791
955
662
685
755
728
759
964
763
957
790
926
28
925
12
865
6
126
989
409
1000
404
29
239
219
65
989
119
975
778
930
18
913
42
994
841
989
417
260
280
258
222
50
216
19
872
991
885
2
97
19
159
9
189
7
987
805
974
803
970
326
636
312
628
282
426
277
298
259
222
242
220
247
221
158
11
939
41
1
870
8
162
996
922
20
414
445
293
260
323
978
324
962
326
978
325
259
222
242
221
243
220
64
1
874
989
28
945
25
935
63
983
68
991
53
222
46
2
135
1004
847
964
3
876
2
901
1
156
1001
20
43
197
248
982
353
669
631
658
679
583
763
580
714
385
704
375
7
939
11
918
