2000
411
23
432
49
409
24
430
51
408
27
392
53
406
64
391
55
428
25
446
20
433
14
540
949
520
916
463
956
519
922
460
957
480
918
599
231
619
268
639
287
617
274
630
253
622
226
699
372
682
352
664
333
714
263
621
930
525
908
506
988
512
897
575
886
507
973
363
691
338
672
346
988
496
957
517
986
379
63
375
989
494
958
458
981
384
713
264
620
230
697
266
641
286
733
308
615
288
608
918
462
968
555
948
530
907
592
186
809
171
782
208
794
227
698
376
29
407
52
396
34
422
25
425
1002
434
13
447
923
510
893
490
991
435
1001
493
865
498
910
521
915
466
925
245
627
287
707
380
57
389
82
384
57
403
732
328
665
949
529
987
437
999
374
64
369
688
360
64
364
674
949
477
958
448
997
441
49
417
1003
412
742
296
611
906
531
945
654
341
766
192
819
175
791
166
829
180
801
169
837
199
605
921
520
953
664
339
657
319
67
359
653
948
676
344
1004
165
831
196
606
291
737
939
473
910
610
208
590
236
927
241
631
269
636
282
950
528
900
543
947
668
331
760
425
42
418
26
410
43
265
941
471
987
457
959
476
859
495
891
563
885
508
963
450
934
628
271
618
315
92
279
645
943
703
375
57
395
723
261
61
343
653
313
963
336
60
270
41
431
21
445
41
400
52
263
44
211
781
172
1002
418
751
913
522
884
724
394
52
231
78
260
626
295
950
518
923
242
596
203
17
439
9
163
824
194
23
341
662
955
500
902
439
998
536
898
716
388
64
371
700
969
452
939
722
396
45
417
748
936
638
306
657
349
963
459
985
140
14
206
591
200
601
215
589
910
586
216
787
219
624
275
940
706
903
755
892
533
942
705
969
693
366
685
905
653
353
976
690
962
319
635
937
646
942
718
895
762
882
778
572
138
990
491
925
238
939
230
98
258
633
302
964
759
176
790
880
504
951
313
970
682
945
502
875
766
430
42
269
39
161
19
136
996
345
647
323
97
263
632
936
636
315
652
301
747
916
708
379
1004
169
26
421
36
403
734
939
261
715
902
515
987
710
382
977
487
914
56
390
718
950
498
956
481
899
754
418
747
928
232
585
221
603
193
607
290
77
274
599
211
609
240
949
671
367
695
959
327
666
952
716
986
832
973
486
911
753
883
475
960
114
251
934
738
407
35
218
81
259
69
290
57
377
705
385
56
372
692
974
268
939
718
946
678
347
978
126
4
149
987
722
274
701
947
249
37
438
581
464
912
716
922
468
576
782
872
794
862
6
185
593
195
83
944
656
321
617
223
588
448
12
414
588
214
602
276
935
283
628
239
956
737
920
247
992
422
762
877
17
432
15
196
66
278
618
259
48
288
638
332
952
527
576
767
892
511
904
752
311
977
326
670
348
661
356
685
373
1002
131
27
401
729
398
45
160
996
152
61
225
621
933
507
927
267
695
966
701
944
649
309
968
678
362
696
390
714
987
850
798
970
703
964
316
756
937
279
629
273
40
915
749
959
337
673
965
109
256
83
207
54
216
19
182
600
433
583
217
101
192
86
935
271
720
992
847
1
154
49
267
955
482
574
772
873
768
339
968
321
644
295
614
210
16
887
761
898
441
13
300
643
769
854
483
917
519
584
224
595
182
598
280
616
232
36
310
640
281
994
830
979
263
93
951
514
903
443
600
223
121
968
834
799
953
74
236
623
216
30
397
706
383
985
818
960
293
612
243
629
934
627
259
104
207
33
443
578
777
972
292
739
931
727
399
48
927
761
656
350
959
231
617
932
284
979
276
725
938
270
630
297
744
412
737
915
59
159
112
184
7
439
895
34
235
30
404
740
945
778
848
467
923
252
989
144
7
413
749
953
658
329
639
786
867
976
696
365
672
358
689
377
995
278
726
949
667
335
975
287
616
282
609
233
587
429
204
85
953
464
855
487
572
535
451
576
476
587
238
617
228
100
970
306
648
314
754
415
598
226
604
214
72
980
797
964
757
679
342
963
455
599
282
940
642
267
70
989
814
971
251
940
460
908
512
886
503
889
23
178
4
275
634
307
958
701
378
685
962
762
960
454
922
20
208
127
30
920
521
928
524
580
787
959
693
368
694
374
690
370
676
355
686
361
999
434
211
591
763
856
491
862
490
534
446
589
773
890
8
164
582
781
970
684
354
963
327
654
317
659
320
648
328
645
303
961
65
936
297
653
305
951
294
936
268
971
830
983
715
389
702
381
687
972
863
2
894
28
239
598
410
733
622
262
636
311
654
767
736
402
598
423
25
419
324
655
359
982
95
246
973
707
386
711
983
118
191
25
198
13
924
985
816
846
993
827
956
664
351
447
216
618
208
74
934
725
936
633
277
639
774
887
4
286
708
986
291
47
915
32
227
606
214
442
365
972
785
976
843
790
633
580
208
145
117
37
246
174
105
961
848
916
41
265
1003
870
15
164
234
35
213
132
79
240
36
112
150
994
435
209
605
197
590
625
680
632
257
782
596
753
581
736
714
299
966
780
256
79
212
103
175
33
223
76
201
444
321
954
245
31
218
342
443
998
272
995
722
597
681
364
683
368
406
218
22
430
387
37
923
51
279
979
134
984
98
949
308
986
303
718
658
637
936
626
289
999
297
416
760
674
340
968
84
995
865
781
973
795
975
820
471
558
478
859
498
907
43
953
769
423
768
898
771
252
920
245
32
248
621
219
619
260
788
959
766
956
839
949
318
448
922
452
494
521
914
449
574
544
446
917
27
90
205
608
264
637
271
626
273
629
269
632
259
786
966
353
683
375
697
954
675
363
683
370
701
383
230
158
56
914
1
851
971
802
957
759
173
762
943
651
947
662
944
657
947
771
962
805
976
812
973
793
262
594
758
685
358
657
330
650
311
941
318
951
326
661
321
951
784
962
916
17
184
15
876
976
840
969
901
516
567
448
312
982
324
949
327
664
332
982
329
949
338
433
216
612
277
627
280
608
580
774
253
40
909
19
181
53
216
22
202
172
140
188
26
213
590
747
700
374
685
380
433
237
587
783
975
242
31
940
998
863
11
880
857
978
384
278
63
211
618
273
313
961
822
475
579
441
353
664
338
652
951
650
291
646
285
627
776
254
46
263
627
270
620
764
966
815
461
579
434
569
548
485
558
434
228
38
231
586
709
395
723
399
978
395
447
241
445
261
625
282
621
219
619
767
888
5
168
2
410
730
952
770
799
975
811
960
759
706
394
719
581
775
945
96
59
226
616
300
715
589
762
579
750
606
780
825
977
371
691
364
681
377
977
378
428
337
996
160
2
413
260
421
330
970
332
996
841
989
125
976
798
948
806
962
686
621
289
639
313
984
310
633
304
631
671
650
670
357
957
68
990
883
1004
848
876
22
218
26
230
209
25
945
94
955
674
961
673
955
668
598
919
606
267
609
919
603
264
16
278
639
275
631
268
637
262
42
908
462
909
515
908
985
845
964
779
932
770
927
33
218
406
718
386
703
378
697
369
692
651
328
664
333
222
67
205
607
680
956
677
699
374
235
915
238
438
212
183
7
147
995
861
985
820
469
444
526
448
272
52
213
18
908
985
868
958
744
954
730
410
985
406
718
390
715
393
712
396
725
663
316
639
305
652
325
666
327
651
335
989
129
1003
883
965
108
1
847
985
870
996
893
927
947
766
968
757
611
777
653
299
631
262
450
579
446
478
445
214
444
272
974
793
770
939
782
962
823
991
886
965
86
210
58
261
435
19
218
25
227
624
271
637
262
629
286
620
767
577
782
948
775
915
25
216
582
741
763
960
771
968
894
5
168
10
195
18
192
46
254
996
391
416
220
200
111
963
790
956
720
953
42
265
310
1001
437
261
379
983
80
994
127
987
269
333
289
626
767
604
764
619
758
707
387
714
738
583
732
752
663
363
982
361
684
601
688
745
597
233
202
225
197
155
998
939
67
222
200
135
985
12
119
206
50
242
412
739
637
660
687
657
683
658
637
660
639
274
334
651
756
735
768
967
86
958
338
987
337
958
344
420
441
577
670
629
262
445
261
428
448
579
446
578
670
373
235
370
970
247
227
33
928
45
924
12
946
530
580
208
188
212
72
945
68
281
48
927
46
218
405
257
435
270
628
274
639
277
632
271
626
275
625
280
639
281
632
274
608
264
290
437
273
642
275
319
652
313
974
794
962
99
213
193
220
240
961
57
916
39
249
229
62
987
905
999
352
664
693
375
323
343
316
272
323
661
632
259
612
632
938
631
749
769
626
299
636
938
635
264
306
335
657
941
651
756
948
780
973
789
959
766
952
846
992
834
944
780
966
861
995
852
941
70
222
202
227
622
759
705
387
699
787
954
780
962
771
806
976
867
956
341
968
868
997
905
17
205
141
208
139
985
820
941
12
906
10
879
956
936
768
614
637
657
311
652
733
709
975
790
768
788
965
70
222
76
38
218
161
209
61
229
249
38
906
12
941
43
265
339
261
298
970
943
9
894
992
828
983
11
995
860
912
36
904
998
20
213
590
748
769
789
764
744
769
789
764
744
769
789
764
744
769
789
764
744
