2000
411
23
432
49
409
24
430
51
408
27
392
53
406
28
429
1
536
942
515
911
454
950
512
984
505
961
472
908
517
940
537
1001
433
22
442
14
433
46
379
704
279
635
297
652
307
633
299
714
260
636
270
722
390
54
404
63
389
74
385
699
273
621
929
522
902
579
891
493
973
476
953
506
916
456
909
516
941
526
898
592
198
600
916
604
195
769
350
682
365
980
472
995
434
10
445
20
412
48
420
24
423
40
396
63
377
706
271
624
312
632
332
663
351
678
368
62
378
53
398
30
391
720
297
736
269
723
256
791
169
806
185
835
197
603
207
777
163
793
234
706
363
63
373
677
957
473
860
486
951
509
943
514
913
448
9
535
908
524
934
632
271
720
307
754
327
664
321
645
282
729
262
932
447
999
501
985
468
962
495
890
517
904
578
147
795
181
827
193
606
908
459
961
479
862
207
595
916
476
857
204
599
219
790
179
823
191
608
907
611
224
594
237
919
450
942
645
293
957
330
644
295
743
409
26
399
731
281
615
902
586
208
851
481
930
232
922
478
972
361
690
366
63
386
31
381
703
393
26
419
15
432
1004
414
18
202
601
218
785
254
934
542
905
612
212
16
416
996
471
847
159
779
252
937
484
869
499
988
437
1003
168
802
183
831
195
23
410
63
357
686
961
675
369
52
407
747
294
947
513
915
507
952
667
355
68
361
685
367
681
954
492
893
439
1000
153
838
186
25
350
68
358
973
463
923
242
588
215
790
257
626
283
52
379
32
184
761
170
775
250
939
637
268
39
427
11
167
26
396
719
392
732
924
235
598
916
602
201
21
444
904
583
160
783
253
40
265
638
937
649
305
635
311
967
683
349
975
357
660
939
528
901
518
873
13
204
589
213
597
283
58
226
790
223
617
274
948
511
893
647
940
654
301
642
310
970
363
692
968
120
987
347
68
259
798
980
706
937
748
405
730
931
752
164
750
959
488
854
162
37
152
2
410
741
950
531
907
733
391
41
149
4
179
593
202
614
285
948
456
962
489
866
500
868
19
196
605
914
754
928
239
585
782
898
441
34
364
688
970
368
986
350
680
370
663
955
503
925
780
948
266
629
308
651
319
965
369
697
975
99
269
62
382
710
948
248
31
390
62
147
45
250
958
112
252
616
275
78
249
69
145
8
420
763
904
779
973
318
665
953
726
939
541
770
929
539
776
911
758
415
738
395
717
942
525
927
241
620
232
44
254
619
215
598
278
973
695
955
659
329
645
949
669
329
959
321
962
471
820
985
132
70
222
90
947
449
581
431
585
232
608
225
27
194
49
293
55
912
519
581
784
892
803
970
301
630
316
949
300
974
308
986
467
817
989
154
27
345
658
334
650
304
718
386
2
402
744
934
727
936
751
917
243
607
261
631
335
649
289
999
839
969
701
380
706
949
662
338
635
254
104
215
17
437
574
451
852
997
158
61
261
625
282
965
461
815
888
790
922
247
960
473
569
759
413
740
957
322
641
340
27
175
2
425
582
225
23
400
730
991
422
587
179
583
199
24
211
621
774
899
799
975
324
670
358
693
372
32
374
696
383
712
942
277
938
265
42
262
593
422
576
481
564
454
812
890
29
164
36
440
999
281
627
245
931
768
420
767
191
26
325
657
346
965
108
234
599
211
18
207
591
226
121
74
925
510
887
494
856
496
884
818
466
981
712
393
972
366
689
963
679
376
713
983
705
384
975
778
927
67
319
642
273
40
183
60
249
986
710
946
652
303
987
291
622
231
80
216
622
285
635
267
619
276
97
216
15
886
1002
864
784
896
802
926
772
971
380
3
399
726
945
638
315
984
127
214
610
783
966
674
944
744
408
752
951
104
205
608
269
631
295
949
309
647
945
645
313
660
352
965
763
417
593
758
957
744
948
707
974
268
57
290
971
128
194
117
973
246
95
1000
540
572
439
902
995
833
883
22
435
578
767
622
756
926
238
591
425
992
717
392
728
409
742
634
326
650
343
668
361
965
370
673
333
970
782
902
41
218
609
210
440
905
516
946
786
851
1004
901
469
902
766
960
364
683
358
982
395
731
403
283
979
319
970
302
653
336
950
490
561
519
914
514
901
7
868
981
701
376
688
371
695
959
697
954
88
227
597
220
586
422
226
62
140
991
719
982
293
648
337
969
339
666
372
680
968
343
33
189
65
936
30
234
27
895
36
249
926
256
980
822
476
578
736
408
754
663
319
627
232
58
261
634
267
623
290
632
280
628
287
973
123
25
904
446
529
555
458
813
972
251
989
841
881
824
971
391
443
909
448
809
985
339
671
354
685
363
674
359
970
366
684
760
585
187
603
780
920
250
134
188
81
205
124
968
317
443
898
437
39
228
101
976
878
10
920
811
453
565
443
1001
423
346
641
278
995
858
4
274
610
264
38
428
374
698
387
711
384
690
360
665
328
647
941
652
340
657
941
646
306
1001
156
69
939
631
672
943
669
334
970
298
639
940
636
660
374
691
944
715
942
768
958
782
941
690
747
580
763
959
752
415
594
231
619
217
593
755
960
98
983
803
953
865
825
945
766
606
286
987
279
444
226
68
255
37
221
417
349
652
724
398
209
602
775
586
438
295
627
263
46
196
113
79
968
832
918
770
578
497
458
528
485
549
446
268
440
10
425
261
592
209
617
220
148
996
86
1
176
136
4
911
779
583
709
388
270
631
275
618
231
426
227
596
728
696
586
237
85
179
230
584
740
767
932
38
906
50
239
630
759
668
341
434
199
76
217
67
136
174
10
871
902
794
966
814
784
582
731
590
790
977
121
203
13
38
246
989
254
46
218
345
661
955
519
477
952
264
640
294
639
279
52
147
8
883
771
604
233
434
258
442
20
439
1004
430
292
12
297
636
314
623
680
356
675
621
211
597
274
12
294
643
309
961
112
213
388
701
378
705
591
679
793
770
926
38
268
615
278
975
119
989
873
981
74
968
778
876
976
76
127
8
177
42
241
45
218
24
934
761
925
787
966
355
682
371
695
386
265
41
224
623
264
637
282
599
720
740
580
444
276
927
523
444
572
446
518
907
780
966
790
894
994
265
932
288
628
263
624
236
625
767
958
684
374
697
959
759
964
841
991
141
1004
898
26
915
494
445
414
225
583
776
962
696
371
686
383
697
375
695
962
817
465
816
970
312
435
204
53
211
59
922
998
271
637
273
628
302
636
307
652
296
629
267
628
277
344
424
270
640
288
986
358
678
371
293
711
386
987
926
767
940
38
897
26
213
129
979
791
956
763
600
233
589
783
848
992
136
996
847
872
952
521
581
767
626
284
930
285
637
660
348
313
639
277
631
273
613
773
967
776
939
722
944
775
916
941
722
949
311
961
105
207
152
174
50
298
42
228
38
201
17
174
22
935
729
580
767
608
780
970
814
978
795
861
832
968
870
779
889
993
12
936
843
887
948
771
575
746
690
376
680
363
409
263
622
279
43
234
26
134
7
174
56
198
83
982
314
652
296
29
298
953
309
437
272
450
579
433
569
446
578
485
445
416
267
636
271
382
277
991
279
615
759
957
832
991
141
1004
894
35
896
38
940
768
934
24
213
21
299
630
308
984
127
5
169
17
203
21
148
993
108
1003
870
968
86
8
60
27
227
206
402
266
369
292
711
674
722
586
759
587
692
381
443
339
310
330
353
433
202
23
213
30
218
346
666
344
438
216
21
207
26
218
405
329
274
979
842
788
768
792
766
695
729
767
581
779
896
38
73
212
447
294
982
298
389
703
595
754
663
624
730
626
755
630
239
259
615
684
741
588
639
281
431
410
746
599
753
727
707
678
657
315
652
673
653
679
372
426
231
251
226
246
40
218
346
664
633
613
230
380
433
241
220
620
224
37
218
52
222
252
273
16
278
55
222
242
103
961
98
977
333
269
440
223
243
219
244
220
65
1
172
10
149
4
180
13
38
200
220
70
27
945
75
974
953
759
581
782
582
713
295
623
270
292
262
608
237
399
728
594
635
267
319
625
261
305
937
280
257
324
651
694
663
754
704
617
695
717
664
357
660
739
668
949
666
722
394
436
514
446
426
448
579
446
426
448
579
446
426
448
579
446
426
448
579
446
426
448
579
446
426
448
579
446
426
448
579
446
426
448
579
446
426
448
579
446
426
448
579
446
426
448
579
446
426
448
579
446
426
448
579
446
426
448
579
446
426
448
579
446
426
448
579
446
426
448
579
446
426
448
579
446
426
448
579
446
426
448
579
446
426
448
579
446
426
448
579
446
426
448
579
446
426
448
579
446
426
448
579
446
426
448
579
446
426
448
579
446
426
448
579
446
426
448
579
446
426
448
579
446
426
448
579
446
426
448
579
446
426
448
579
446
426
448
579
446
426
448
579
446
426
448
579
446
426
448
579
446
426
448
579
446
426
448
579
446
426
448
579
446
426
448
579
446
426
448
579
446
426
448
579
446
426
448
579
446
426
448
579
446
426
448
579
446
426
448
579
446
426
448
579
446
426
448
579
446
426
448
579
446
426
448
579
446
426
448
579
446
426
448
579
446
426
