2000
411
23
432
49
409
24
430
51
408
27
392
53
406
64
391
55
483
958
527
932
506
988
525
1000
437
22
433
1001
521
917
537
956
491
991
438
19
520
918
466
962
482
996
438
14
416
23
420
1004
520
948
547
916
595
905
583
914
549
946
498
990
440
12
489
957
535
931
507
985
526
960
468
9
460
963
464
988
441
11
456
966
519
922
614
233
625
269
638
307
657
332
673
347
656
339
677
286
707
235
612
930
542
950
492
892
590
912
551
904
599
200
776
253
632
286
734
305
660
324
730
306
702
378
64
386
28
400
53
429
25
401
52
407
28
365
66
376
705
240
807
182
821
172
788
217
693
262
626
922
545
949
494
935
472
957
484
1001
421
95
400
64
382
700
271
619
296
746
158
783
210
853
194
803
167
752
302
731
262
713
375
67
364
691
219
782
173
814
184
761
330
659
947
548
915
539
951
470
959
534
984
442
898
573
926
543
929
241
622
294
647
333
631
310
612
903
552
911
661
942
500
933
238
780
174
745
299
616
220
791
162
825
134
581
116
827
158
842
189
765
250
929
260
635
309
721
390
56
383
29
378
687
368
65
377
703
244
802
197
605
271
717
330
674
953
493
891
508
927
271
735
279
636
939
448
48
437
15
414
41
426
65
381
684
347
970
455
996
463
969
445
906
550
913
589
222
785
257
722
282
604
199
800
231
929
244
628
289
65
399
716
372
74
363
696
385
989
504
876
633
940
647
893
574
127
978
459
964
681
350
81
317
64
428
36
403
24
211
596
193
769
183
5
418
13
439
893
491
861
472
925
607
192
812
256
786
146
991
422
757
175
765
324
668
953
486
934
526
939
243
588
201
593
215
620
925
511
897
645
341
653
351
671
943
239
31
369
991
480
964
322
63
387
725
275
640
887
494
867
626
227
32
207
603
288
82
344
688
365
670
944
511
890
555
902
726
891
564
882
636
264
928
253
621
265
41
437
20
216
929
247
943
529
993
142
830
181
8
139
822
166
1001
334
971
315
662
955
658
331
760
416
1002
158
25
393
719
920
502
878
468
954
666
355
652
958
318
740
400
733
409
729
948
495
866
497
854
180
597
912
216
586
910
447
975
700
925
487
850
639
259
794
163
2
409
43
395
709
285
634
276
83
257
936
464
956
485
884
512
919
235
949
669
345
976
328
665
360
68
276
737
393
52
279
624
291
48
263
801
983
715
950
532
908
209
784
258
641
941
646
895
447
935
258
593
183
600
195
606
262
69
374
711
394
733
886
501
940
240
90
314
961
467
909
518
906
722
987
452
904
724
894
685
379
701
972
694
367
973
129
323
961
355
973
471
820
187
763
322
666
959
702
357
966
317
647
353
975
308
750
405
62
325
60
389
27
209
597
201
616
264
53
220
84
242
585
227
23
431
997
478
938
248
798
233
24
415
748
881
739
957
660
338
968
474
923
610
189
7
161
21
435
907
450
944
676
342
773
252
940
530
916
522
995
123
340
654
303
615
287
631
261
934
717
396
40
268
609
213
592
219
618
259
73
230
946
238
617
297
943
499
863
7
175
761
965
457
922
517
959
695
945
288
49
413
16
436
897
37
321
670
358
692
372
970
112
290
57
208
90
949
662
359
754
957
673
859
485
942
645
286
70
260
792
973
689
377
710
980
327
757
876
766
174
11
137
981
843
996
396
724
991
832
460
922
241
591
226
624
263
44
311
630
277
949
223
584
153
991
707
380
698
272
39
445
7
423
768
185
813
986
713
905
439
903
514
889
729
397
741
885
556
781
254
104
207
594
221
33
350
976
332
649
281
629
935
516
918
224
40
438
914
518
933
72
333
656
946
666
337
979
718
384
694
369
972
707
949
324
16
875
786
980
133
25
215
613
203
601
186
598
205
93
944
743
293
639
270
620
290
104
974
284
642
899
437
3
165
17
201
759
955
455
580
152
10
861
764
338
960
766
430
582
789
176
5
888
507
865
6
191
608
779
253
87
212
19
323
954
286
627
936
633
295
17
285
50
913
443
892
706
983
412
754
880
464
578
779
954
669
349
682
955
728
995
145
63
278
937
450
829
993
417
746
348
657
955
661
949
695
361
975
799
259
634
267
815
985
393
731
948
674
964
775
914
442
826
996
717
390
734
407
747
958
656
309
623
936
625
262
805
970
336
998
378
709
921
521
578
162
30
908
509
894
434
589
243
616
209
595
195
98
229
588
442
19
317
984
257
947
497
871
1
898
40
427
579
202
113
233
929
446
572
528
940
663
326
982
708
977
834
480
837
998
371
690
963
114
286
60
310
649
938
638
274
76
214
602
922
235
625
222
607
300
647
939
687
941
698
946
687
968
701
948
761
589
423
30
434
22
384
710
987
848
992
247
962
702
938
633
302
102
242
606
196
767
337
955
251
928
517
912
59
927
45
266
637
262
36
933
768
959
701
366
47
924
515
908
441
51
282
637
826
468
3
467
2
466
1003
149
270
630
938
508
917
513
949
690
370
680
354
671
352
969
250
89
991
410
732
955
652
340
968
759
964
277
623
224
597
779
962
698
383
996
405
740
950
80
263
806
264
58
919
239
588
214
17
879
634
297
714
987
125
222
619
937
251
957
675
962
793
872
988
808
259
49
907
475
845
1002
270
612
224
791
222
167
580
772
974
703
284
66
281
27
938
637
885
13
172
207
117
328
758
591
185
581
782
941
652
951
280
987
822
640
264
133
979
343
667
952
726
957
737
414
749
952
329
762
583
208
607
200
597
193
134
326
121
36
907
518
909
987
839
479
920
28
316
664
335
765
430
30
273
626
937
622
278
638
757
965
108
327
964
366
686
377
985
402
32
245
970
766
851
453
902
42
425
594
441
5
859
806
974
325
93
951
674
367
680
951
303
986
308
628
275
624
257
86
953
691
943
451
898
46
215
592
280
53
224
23
230
624
292
741
957
293
648
287
24
199
398
994
405
726
386
42
933
67
335
768
947
692
651
356
982
322
97
246
939
685
941
647
820
992
847
473
572
741
953
666
958
687
946
475
822
975
311
652
307
931
447
238
967
74
924
47
291
628
265
602
219
589
789
959
761
182
766
581
778
626
269
41
319
67
219
433
900
431
895
513
579
214
608
205
14
201
364
679
368
693
362
686
961
112
213
19
437
243
622
267
974
699
940
636
304
632
290
31
896
730
406
733
877
16
870
986
249
35
933
291
1000
842
459
906
510
897
3
468
818
466
855
999
390
704
383
697
373
701
977
696
374
690
382
683
354
750
962
673
630
259
620
262
814
629
305
984
314
659
955
253
40
929
79
947
669
344
741
709
760
369
672
945
674
798
980
357
664
946
95
219
591
774
966
324
37
264
637
944
644
289
633
253
777
962
788
976
804
973
131
202
605
782
957
771
349
747
950
775
580
446
904
444
1
435
909
516
574
434
999
437
888
7
871
19
170
592
192
587
238
29
933
22
221
30
237
109
221
331
636
311
967
346
667
947
660
326
956
234
117
973
770
690
372
684
360
678
792
258
64
918
519
904
450
272
641
307
652
296
636
281
629
938
621
227
623
938
631
302
633
265
61
306
101
952
716
949
763
580
208
618
295
991
366
970
335
983
833
790
947
749
696
381
219
612
204
140
240
154
188
7
936
65
963
759
635
286
708
388
991
383
776
562
782
842
1001
537
567
477
444
46
442
210
612
216
128
976
392
716
409
990
398
233
614
235
34
215
37
249
89
941
644
294
997
868
1
901
499
578
458
587
779
254
952
771
251
584
167
593
217
386
990
375
707
377
1004
274
590
194
585
760
968
385
43
922
512
900
24
929
515
895
29
221
597
417
986
409
597
194
595
167
591
211
783
215
620
259
100
269
148
220
615
196
609
205
782
579
788
256
33
432
260
586
755
617
704
616
679
356
674
959
669
942
657
948
504
928
70
239
956
753
953
775
965
759
967
38
268
985
817
643
312
638
315
636
786
255
74
941
648
290
57
222
610
214
594
289
630
701
381
679
949
517
911
12
274
622
238
188
14
887
991
397
719
388
260
624
283
53
297
647
293
12
196
118
974
709
953
82
211
433
233
94
976
823
954
735
956
770
600
781
962
711
392
437
829
990
269
626
299
632
321
964
253
777
867
998
882
19
215
46
266
631
705
956
56
910
998
853
486
848
488
857
496
445
843
642
276
624
936
617
228
616
936
626
234
599
168
601
184
765
576
778
945
700
949
701
950
704
954
675
957
723
955
659
940
690
938
637
283
74
236
928
241
38
211
316
984
831
977
702
951
653
905
442
207
31
218
160
344
655
939
656
319
978
795
969
780
962
752
580
781
944
246
41
918
8
927
54
260
621
262
619
217
136
984
818
635
285
100
203
86
310
961
666
326
959
759
596
777
611
271
639
280
389
712
972
689
627
292
612
773
956
703
944
692
946
695
949
696
752
962
763
184
761
675
930
8
889
28
918
672
921
22
328
97
312
990
719
394
717
403
988
309
12
874
981
851
997
835
966
305
67
936
235
447
276
623
690
962
688
969
763
606
197
8
859
995
893
980
699
377
703
392
