2000
411
23
432
49
409
24
430
51
408
27
392
53
406
64
391
55
483
958
527
932
500
983
516
905
452
21
435
12
537
956
485
989
499
934
519
982
524
924
611
224
790
255
631
271
726
310
652
295
738
284
705
373
683
352
707
283
630
299
714
256
789
173
813
186
760
278
723
314
650
331
665
354
679
217
791
223
739
280
749
265
762
176
787
257
775
204
811
189
838
172
816
160
791
254
635
336
695
294
747
240
730
264
786
178
827
155
844
171
859
469
959
478
990
413
22
434
47
450
906
507
888
486
943
540
922
612
222
799
192
754
234
706
316
627
302
672
340
694
364
985
515
925
501
893
445
17
437
1004
417
22
393
52
407
33
384
66
390
81
383
67
376
704
327
684
350
649
333
702
389
56
385
703
286
729
266
712
323
685
289
653
942
488
866
501
916
542
1
498
937
462
960
468
990
438
11
455
918
541
5
497
940
459
962
556
887
528
923
626
319
666
329
963
449
907
584
887
565
973
473
949
548
915
543
903
581
128
817
159
839
144
799
232
918
217
613
199
836
182
767
258
603
207
774
258
622
930
249
810
253
927
500
894
443
37
399
53
429
32
408
992
398
64
428
87
382
704
317
622
345
665
361
67
372
993
518
904
593
211
797
233
933
248
939
521
1002
441
41
401
730
281
709
380
67
367
677
955
470
925
522
899
533
886
569
989
418
998
481
953
679
342
646
292
636
297
725
275
49
293
628
300
611
228
941
493
985
423
12
488
873
437
20
422
42
435
1
175
788
161
584
186
597
210
779
203
606
303
643
938
552
914
510
881
531
920
216
18
163
794
181
805
251
929
460
8
165
799
179
593
912
588
190
821
152
741
408
25
394
721
289
640
940
245
942
464
904
579
167
5
410
740
270
640
316
967
697
381
676
957
668
342
72
274
56
378
710
279
54
404
34
235
778
198
600
234
775
182
761
936
508
887
641
939
655
356
681
947
479
889
504
924
471
966
321
621
261
61
232
610
306
659
347
967
117
980
525
950
454
978
712
949
241
933
276
724
393
43
279
628
260
772
181
776
954
492
891
502
870
475
935
273
59
403
733
944
650
298
635
943
444
897
482
851
150
9
443
951
239
74
270
950
446
16
414
4
171
772
433
48
417
754
166
749
952
670
360
678
345
973
708
282
617
214
592
262
94
316
657
348
965
326
620
272
928
623
231
76
260
939
494
867
466
952
227
604
193
826
992
141
24
207
618
928
625
243
918
250
595
195
831
990
459
931
242
943
463
1000
152
854
490
892
643
345
969
688
362
664
955
728
988
363
663
957
237
31
409
745
958
700
383
984
457
975
121
345
26
328
671
358
692
968
695
871
480
909
448
959
698
369
662
324
26
161
577
131
11
195
601
225
79
925
732
399
998
532
964
355
682
931
440
1003
176
765
888
641
309
982
715
298
73
321
971
687
287
733
915
795
974
453
918
519
902
646
335
952
236
615
209
585
232
607
205
80
296
955
669
330
954
730
991
412
18
148
846
1
134
32
248
920
235
961
675
365
759
421
996
343
978
475
826
987
142
14
870
736
941
638
291
717
937
526
949
530
942
271
637
311
634
257
593
201
608
926
521
951
291
53
387
705
975
317
36
129
974
692
370
56
374
680
359
763
929
70
333
965
311
648
905
760
962
112
319
67
266
591
217
783
177
42
236
596
174
746
301
616
201
781
884
640
283
932
267
37
315
952
257
782
946
242
30
425
16
192
25
402
723
305
614
272
590
185
600
261
104
220
85
294
716
949
286
648
898
441
580
771
969
841
483
921
512
906
514
911
45
396
724
887
775
960
662
949
672
945
458
578
781
954
735
274
632
292
90
223
933
245
629
275
927
260
788
880
10
196
610
264
38
224
615
255
777
567
446
902
742
407
992
339
764
190
756
939
642
282
965
231
613
769
375
687
946
697
948
698
371
691
386
980
374
967
534
578
416
3
863
789
975
801
878
23
199
98
292
624
219
96
268
599
196
112
213
19
442
892
506
907
49
431
14
202
605
212
587
415
747
891
765
205
598
284
706
377
683
353
667
962
697
372
984
144
263
46
218
586
438
922
58
261
633
876
497
861
802
971
247
931
506
878
508
939
645
301
649
901
2
168
11
887
513
989
251
960
673
944
676
366
697
379
704
285
61
239
956
331
660
943
664
356
968
832
979
135
332
652
943
637
941
633
277
45
428
204
583
419
586
179
583
218
37
324
643
279
999
436
917
3
439
903
514
995
840
485
963
535
564
486
857
499
860
6
396
719
392
980
829
479
578
442
935
616
214
614
242
585
768
957
325
101
253
978
233
27
201
81
970
683
361
967
119
190
602
262
621
238
923
494
933
526
582
239
619
266
44
927
476
823
980
319
642
305
66
278
620
266
630
259
785
951
653
349
34
398
725
986
710
384
713
954
736
402
734
956
666
952
752
962
317
26
209
619
198
86
274
1004
158
17
908
461
846
994
822
640
333
950
300
652
335
67
927
243
961
677
337
661
765
962
322
655
944
659
346
984
813
260
11
194
114
251
916
245
31
898
764
599
190
611
289
639
275
644
944
636
295
948
706
983
827
973
106
269
41
917
472
821
992
720
389
686
368
991
377
701
384
773
588
209
605
270
64
941
631
944
669
223
615
757
964
848
993
318
950
240
36
895
439
12
183
106
238
986
308
58
141
191
8
877
16
889
495
864
957
740
953
657
341
954
669
363
681
945
688
966
772
960
792
925
267
617
200
607
301
632
258
809
989
713
980
358
997
837
989
280
45
913
517
904
444
34
227
621
938
81
221
35
305
970
294
35
933
622
261
994
841
955
253
31
213
88
988
814
629
277
995
722
395
718
403
985
851
953
778
580
775
606
281
68
930
452
572
782
609
200
597
419
13
865
3
916
515
899
651
770
728
395
709
383
690
962
679
966
352
41
265
626
239
50
910
446
273
634
934
631
672
961
748
956
460
567
759
967
250
981
137
269
623
680
357
957
246
982
815
968
343
676
949
98
955
784
970
121
174
67
920
448
373
695
942
288
637
262
639
297
942
278
450
896
22
935
621
284
626
935
630
325
93
967
701
980
263
53
905
25
222
111
324
991
817
985
388
195
28
892
512
894
984
314
949
672
351
665
323
656
309
647
291
31
248
926
503
945
753
956
727
954
693
764
582
164
234
427
211
594
771
966
684
374
688
974
703
947
81
983
707
967
872
1001
857
998
925
670
344
211
149
342
972
329
649
291
631
262
401
206
18
878
993
300
939
309
988
812
772
689
366
210
590
415
591
780
575
746
348
172
349
288
65
923
33
216
608
267
629
281
975
375
705
390
230
30
218
405
738
581
433
14
885
983
712
381
980
855
993
249
37
179
5
876
989
834
947
56
290
37
285
5
184
25
238
587
769
381
967
367
686
969
679
954
95
246
624
233
125
983
822
993
721
395
1000
420
572
503
893
29
944
768
936
62
325
67
319
982
318
37
267
435
821
986
306
61
930
19
283
636
660
955
657
355
452
230
608
197
610
264
160
1001
305
961
763
588
214
602
922
604
197
17
878
20
213
25
304
426
216
597
759
962
99
269
990
126
207
604
780
958
744
663
949
657
338
981
800
975
818
973
861
996
153
25
203
13
300
9
145
235
418
268
58
290
444
574
679
341
958
109
256
78
275
630
295
618
217
593
258
994
269
376
685
936
70
282
41
914
512
918
517
912
514
921
521
446
478
907
1
874
771
958
688
379
703
383
689
947
686
361
665
946
678
366
680
958
684
351
682
360
206
373
992
847
1004
136
207
447
219
347
260
79
941
70
278
636
824
973
831
968
869
14
439
582
729
950
245
33
921
7
251
989
834
961
313
266
617
704
616
789
581
500
529
431
814
983
132
992
920
479
567
755
586
793
579
446
260
593
773
969
280
623
271
631
305
638
939
636
291
47
218
621
243
443
339
636
273
41
265
995
849
770
960
766
613
215
618
220
117
259
631
939
248
954
759
965
696
380
699
754
604
789
967
759
957
798
976
67
932
38
899
19
880
632
313
652
951
91
254
786
579
705
390
976
291
42
286
20
276
39
268
615
273
981
279
51
938
9
913
444
14
442
261
625
271
612
738
666
364
994
360
662
955
72
333
673
626
675
353
966
778
623
279
640
897
15
871
1000
412
202
429
219
172
1
155
225
626
691
624
238
109
977
362
667
953
669
802
672
953
719
389
777
595
205
17
875
981
257
586
627
277
591
786
668
802
665
793
772
967
108
252
780
962
116
8
916
782
596
678
341
981
810
985
370
970
326
638
315
951
775
947
662
952
713
828
977
898
992
843
1003
251
31
324
944
786
255
440
268
629
700
631
701
632
680
352
999
333
989
257
791
960
759
706
631
264
130
985
76
932
27
884
31
362
235
924
761
658
717
392
1002
400
1
873
989
123
976
133
7
884
14
873
950
769
185
765
825
957
244
169
24
216
435
241
97
323
221
433
295
47
296
48
308
986
249
37
264
58
290
46
296
48
281
43
270
41
224
401
261
59
203
598
214
621
259
958
254
784
696
651
293
