2000
411
35
437
22
391
38
409
6
539
942
468
915
518
950
456
916
595
209
615
268
638
292
711
375
41
389
708
378
40
390
705
234
626
296
637
938
541
912
519
947
467
975
511
993
414
1004
438
21
395
8
403
39
355
683
343
42
374
58
367
682
959
516
973
493
1003
439
986
419
34
507
999
441
898
522
945
530
889
562
971
674
369
44
388
724
269
612
923
545
911
594
214
785
166
801
183
836
208
792
186
597
906
614
305
61
366
68
295
714
909
596
193
755
332
660
909
551
936
646
286
733
908
613
239
50
387
733
944
538
11
392
37
410
4
488
975
515
989
417
745
899
615
236
929
682
909
520
946
280
72
364
107
263
38
405
7
186
19
501
1000
440
771
897
750
413
994
509
18
212
786
255
623
302
67
335
43
370
672
952
517
972
699
392
703
921
238
75
273
92
229
930
675
358
135
999
502
419
742
904
552
764
884
775
874
628
232
79
184
25
432
772
966
319
44
330
70
291
641
937
544
926
683
958
517
782
872
791
861
687
923
230
114
961
680
356
144
992
513
982
453
955
273
611
307
47
368
675
962
778
598
181
29
155
990
415
747
898
763
968
275
73
289
643
910
730
920
709
994
140
228
119
177
84
231
364
196
23
433
503
593
914
711
981
442
491
1004
65
304
197
592
521
907
738
566
779
882
818
858
802
728
644
287
943
532
416
578
527
945
285
362
321
245
593
415
510
397
435
371
670
978
271
100
167
122
222
169
585
622
668
980
697
922
988
418
35
118
259
77
236
624
767
888
752
893
774
601
636
660
718
908
885
14
38
379
410
594
572
534
555
576
746
770
575
932
671
702
745
902
997
508
466
445
983
441
495
1002
129
163
141
90
113
42
372
425
502
596
666
628
698
955
981
1
437
280
257
237
339
360
436
416
396
322
297
635
763
679
581
604
770
815
843
870
799
777
571
629
661
628
655
692
714
737
757
777
755
778
753
780
524
579
559
780
752
786
879
859
838
810
832
854
875
895
918
248
220
189
169
86
46
313
57
37
267
76
187
365
312
256
205
258
204
184
260
284
304
446
469
489
1
901
921
941
540
939
960
980
444
423
452
984
440
420
376
40
401
381
12
996
71
50
30
127
213
233
211
231
207
228
164
184
208
228
258
227
259
226
203
225
257
233
259
230
258
231
259
230
258
231
259
230
258
231
259
230
258
231
259
230
258
231
259
230
258
231
259
230
258
231
259
230
258
231
259
230
258
231
259
230
258
231
259
230
258
231
259
230
258
231
259
230
258
231
259
230
258
231
259
230
258
231
259
230
258
231
259
230
258
231
259
230
258
231
259
230
258
231
259
230
258
231
259
230
258
231
259
230
258
231
259
230
258
231
259
230
258
231
259
230
258
231
259
230
258
231
259
230
258
231
259
230
258
231
259
230
258
231
259
230
258
231
259
230
258
231
259
230
258
231
259
230
258
231
259
230
258
231
259
230
258
231
259
230
258
231
259
230
258
231
259
230
258
231
259
230
258
231
259
230
258
231
259
230
258
231
259
230
258
231
259
230
258
231
259
230
258
231
259
230
258
231
259
230
258
231
259
230
258
231
259
230
258
231
259
230
258
231
259
230
258
231
259
230
258
231
259
230
258
231
259
230
258
231
259
230
258
231
259
230
258
231
259
230
258
231
259
230
258
231
259
230
258
231
259
230
258
231
259
230
258
231
259
230
258
231
259
230
258
231
259
230
258
231
259
230
258
231
259
230
258
231
259
230
258
231
259
230
258
231
259
230
258
231
259
230
258
231
259
230
258
231
259
230
258
231
259
230
258
231
259
230
258
231
259
230
258
231
259
230
258
231
259
230
258
231
259
230
258
231
259
230
258
231
259
230
258
231
259
230
258
231
259
230
258
231
259
230
258
231
259
230
258
231
259
230
258
231
259
230
258
231
259
230
258
231
259
230
258
231
259
230
258
231
259
230
258
231
259
230
258
231
259
230
258
231
259
230
258
231
259
230
258
231
259
230
258
231
259
230
258
231
259
230
258
231
259
230
258
231
259
230
258
231
259
230
258
231
259
230
258
231
259
230
258
231
259
230
258
231
259
230
258
231
259
230
258
231
259
230
258
231
259
230
258
231
259
230
258
231
259
230
258
231
259
230
258
231
259
230
258
231
259
230
258
231
259
230
258
231
259
230
258
231
259
230
258
231
259
230
258
231
259
230
258
231
259
230
258
231
259
230
258
231
259
230
258
231
259
230
258
231
259
230
258
231
259
230
258
231
259
230
258
231
259
230
258
231
259
230
258
231
259
230
258
231
259
230
258
231
259
230
258
231
259
230
258
231
259
230
258
231
259
230
258
231
259
230
258
231
259
230
258
231
259
230
258
231
259
230
258
231
259
230
258
231
259
230
258
231
259
230
258
231
259
230
258
231
259
230
258
231
259
230
258
231
259
230
258
231
259
230
258
231
259
230
258
231
259
230
258
231
259
230
258
231
259
230
258
231
259
230
258
231
259
230
258
231
259
230
258
231
259
230
258
231
259
230
258
231
259
230
258
231
259
230
258
231
259
230
258
231
259
230
258
231
259
230
258
231
259
230
258
231
259
230
258
231
259
230
258
231
259
230
258
231
259
230
258
231
259
230
258
231
259
230
258
231
259
230
258
231
259
230
258
231
259
230
258
231
259
230
258
231
259
230
258
231
259
230
258
231
259
230
258
231
259
230
258
231
259
230
258
231
259
230
258
231
259
230
258
231
259
230
258
231
259
230
258
231
259
230
258
231
259
230
258
231
259
230
258
231
259
230
258
231
259
230
258
231
259
230
258
231
259
230
258
231
259
230
258
231
259
230
258
231
259
230
258
231
259
230
258
231
259
230
258
231
259
230
258
231
259
230
258
231
259
230
258
231
259
230
258
231
259
230
258
231
259
230
258
231
259
230
258
231
259
230
258
231
259
230
258
231
259
230
258
231
259
230
258
231
259
230
258
231
259
230
258
231
259
230
258
231
259
230
258
231
259
230
258
231
259
230
258
231
259
230
258
231
259
230
258
231
259
230
258
231
259
230
258
231
259
230
258
231
259
230
258
231
259
230
258
231
259
230
258
231
259
230
258
231
259
230
258
231
259
230
258
231
259
230
258
231
259
230
258
231
259
230
258
231
259
230
258
231
259
230
258
231
259
230
258
231
259
230
258
231
259
230
258
231
259
230
258
231
259
230
258
231
259
230
258
231
259
230
258
231
259
230
258
231
259
230
258
231
259
230
258
231
259
230
258
231
259
230
258
231
259
230
258
231
259
230
258
231
259
230
258
231
259
230
258
231
259
230
258
231
259
230
258
231
259
230
258
231
259
230
258
231
259
230
258
231
259
230
258
231
259
230
258
231
259
230
258
231
259
230
258
231
259
230
258
231
259
230
258
231
259
230
258
231
259
230
258
231
259
230
258
231
259
230
258
231
259
230
258
231
259
230
258
231
259
230
258
231
259
230
258
231
259
230
258
231
259
230
258
231
259
230
258
231
259
230
258
231
259
230
258
231
259
230
258
231
259
230
258
231
259
230
258
231
259
230
258
231
259
230
258
231
259
230
258
231
259
230
258
231
259
230
258
231
259
230
258
231
259
230
258
231
259
230
258
231
259
230
258
231
259
230
258
231
259
230
258
231
259
230
258
231
259
230
258
231
259
230
258
231
259
230
258
231
259
230
258
231
259
230
258
231
259
230
258
231
259
230
258
231
259
230
258
231
259
230
258
231
259
230
258
231
259
230
258
231
259
230
258
231
259
230
258
231
259
230
258
231
259
230
258
231
259
230
258
231
259
230
258
231
259
230
258
231
259
230
258
231
259
230
258
231
259
230
258
231
259
230
258
231
259
230
258
231
259
230
258
231
259
230
258
231
259
230
258
231
259
230
258
231
259
230
258
231
259
230
258
231
259
230
258
231
259
230
258
231
259
230
258
231
259
230
258
231
259
230
258
231
259
230
258
231
259
230
258
231
259
230
258
231
259
230
258
231
259
230
258
231
259
230
258
231
259
230
258
231
259
230
258
231
259
230
258
231
259
230
258
231
259
230
258
231
259
230
258
231
259
230
258
231
259
230
258
231
259
230
258
231
259
230
258
231
259
230
258
231
259
230
258
231
259
230
258
231
259
230
258
231
259
230
258
231
259
230
258
231
259
230
258
231
259
230
258
231
259
230
258
231
259
230
258
231
259
230
258
231
259
230
258
231
259
230
258
231
259
230
258
231
259
230
258
231
259
230
258
231
259
230
258
231
259
230
258
231
259
230
258
231
259
230
258
231
259
230
258
231
259
230
258
231
259
230
258
231
259
230
258
231
259
230
258
231
259
230
258
231
259
230
258
231
259
230
258
231
259
230
258
231
259
230
258
231
259
230
258
231
259
230
258
231
259
230
258
231
259
230
258
231
259
230
258
231
259
230
258
231
259
230
258
231
259
230
258
231
259
230
258
231
259
230
258
231
259
230
258
231
259
230
258
231
259
230
258
231
259
230
258
231
259
230
258
231
259
230
258
