2000
411
23
432
49
409
24
430
51
408
27
392
53
406
28
429
1
536
942
515
911
454
950
512
984
505
961
472
908
517
940
537
1001
433
22
442
14
433
46
379
704
279
635
297
652
307
633
299
714
260
636
270
722
368
685
352
666
335
632
309
741
290
709
377
53
399
28
386
53
372
683
296
734
278
746
289
635
936
538
923
471
963
495
998
434
992
504
986
470
964
493
885
519
904
581
893
497
962
528
901
473
927
513
945
465
992
443
12
410
48
417
23
423
1002
432
15
533
959
506
912
593
895
597
191
803
167
783
211
612
235
704
385
54
370
62
366
691
293
643
277
755
193
808
165
797
188
836
179
761
336
676
355
62
375
29
381
54
398
731
292
626
310
621
928
458
965
451
912
514
943
526
902
522
884
551
907
518
924
611
224
791
169
781
254
637
931
483
988
435
45
419
1
387
702
233
796
259
716
384
63
364
694
216
783
253
934
461
993
503
916
453
970
371
684
961
498
878
519
906
580
152
809
164
830
185
852
473
960
665
358
62
348
672
330
663
360
971
330
620
312
612
922
233
620
299
53
403
37
441
19
433
999
488
948
508
881
557
923
623
282
645
275
626
262
693
220
616
207
783
159
822
181
840
135
979
479
920
250
936
632
261
795
196
591
238
940
249
36
426
55
368
760
182
817
157
999
362
696
265
934
540
890
442
995
159
857
485
875
479
858
147
823
128
983
389
53
429
33
404
738
395
1
155
769
182
750
415
4
394
727
321
667
949
675
954
666
323
651
339
619
928
245
590
907
586
227
699
272
55
356
666
950
507
956
545
911
220
592
170
775
251
935
539
900
529
898
446
943
466
988
124
810
141
846
154
770
199
607
300
622
927
610
267
635
930
639
266
933
276
607
227
917
547
892
647
938
518
922
226
943
243
937
634
298
71
270
598
196
608
225
946
512
928
640
288
603
188
16
419
28
361
55
397
719
386
36
263
935
442
905
653
296
715
983
355
684
345
64
288
82
344
980
468
3
122
799
194
11
152
839
189
782
208
835
150
16
414
1002
420
756
959
474
882
639
305
630
939
722
388
33
401
981
721
944
445
913
513
981
328
666
338
965
691
960
662
373
52
407
742
286
647
896
549
925
267
72
239
602
211
16
393
715
949
669
319
967
476
907
449
952
544
919
480
977
718
262
595
182
767
949
679
347
63
353
655
947
223
584
161
788
219
621
230
942
490
855
203
26
144
1000
437
12
189
796
231
605
209
22
179
763
954
673
327
962
752
905
50
285
728
386
1002
406
32
390
712
981
702
370
687
351
661
331
961
281
67
319
60
305
970
295
738
920
242
588
200
593
166
785
256
934
524
925
256
85
279
964
322
982
817
267
815
984
709
395
711
378
48
287
642
881
716
978
501
866
632
257
787
172
744
400
53
371
5
153
995
426
16
117
964
666
957
678
350
959
334
651
955
685
933
734
412
40
246
943
486
854
992
161
579
448
955
693
365
55
280
629
302
966
782
583
196
611
191
766
895
510
953
657
341
123
1002
844
451
899
717
383
4
180
779
253
615
217
610
222
88
254
940
263
640
884
14
869
495
955
680
374
706
986
462
910
516
941
640
300
632
275
594
193
590
207
24
316
964
246
98
945
444
894
646
941
248
599
213
19
422
765
175
762
182
758
417
760
958
534
9
177
800
975
130
333
666
345
965
333
960
532
910
657
304
624
269
40
224
623
308
19
299
944
670
957
112
27
431
582
214
911
209
617
930
484
862
997
846
982
126
331
25
407
747
880
504
990
400
735
402
726
281
626
258
74
230
912
521
926
608
202
606
264
627
272
39
440
925
247
31
392
725
936
255
789
941
654
951
739
956
239
927
459
915
436
913
46
418
745
409
751
910
61
261
802
879
771
386
713
380
700
369
682
970
238
796
234
596
272
69
329
973
689
378
980
700
947
645
297
957
737
925
241
601
196
16
408
584
422
996
141
41
265
811
267
628
936
70
922
457
578
489
868
776
930
499
942
527
576
182
12
120
240
585
195
615
284
643
321
984
707
241
43
218
94
953
653
320
56
316
55
315
51
312
651
343
638
947
703
971
827
988
812
460
843
479
834
998
412
754
166
759
898
648
324
999
427
49
294
948
664
359
684
973
239
50
263
807
965
670
948
659
342
677
377
767
886
11
169
1004
376
692
263
806
262
608
197
600
206
614
271
43
439
903
514
927
232
24
883
500
858
990
715
400
1002
313
965
700
382
5
853
999
336
115
973
818
470
830
962
664
784
966
469
905
450
904
433
581
199
603
258
37
925
252
627
277
641
947
648
337
650
347
645
291
116
258
810
985
134
237
122
207
604
282
1002
274
630
936
625
317
971
81
257
989
145
220
612
928
248
954
455
913
442
43
425
1003
870
981
821
944
676
344
663
949
721
389
729
953
753
962
332
969
353
55
917
481
830
637
303
104
260
949
673
338
665
949
658
957
244
628
264
38
301
638
291
949
690
375
697
381
772
966
103
211
26
889
643
947
90
253
592
431
900
447
269
599
226
622
306
653
316
975
873
19
438
920
511
894
506
576
463
960
757
367
684
354
679
949
685
962
750
956
107
320
644
283
942
84
982
837
476
828
779
580
755
365
692
783
975
797
956
480
836
992
247
628
268
622
265
7
174
585
260
814
629
938
627
260
56
222
788
218
19
917
520
919
58
257
808
685
366
691
976
393
720
993
326
656
953
716
389
991
251
114
264
617
194
17
927
67
335
647
941
644
304
116
220
136
980
293
737
410
1000
842
642
274
701
952
704
957
766
341
965
770
600
778
862
5
918
235
961
763
376
227
788
225
617
203
111
243
918
41
262
818
429
813
259
621
934
618
212
608
928
525
932
35
888
641
322
962
679
372
703
944
666
952
663
961
775
946
695
948
698
378
701
959
328
22
446
592
783
582
754
947
79
270
52
302
939
685
958
744
965
823
973
318
749
422
593
415
733
285
637
297
974
300
24
297
714
988
814
438
905
442
22
437
903
14
165
230
595
214
584
236
626
262
592
192
586
772
662
361
681
350
772
427
21
299
632
685
359
988
125
198
597
772
973
793
255
62
234
93
944
674
329
954
76
219
672
947
732
399
726
951
670
357
982
524
945
645
338
958
750
702
982
845
995
857
488
852
763
953
238
933
507
886
505
883
24
925
53
280
639
296
633
937
629
259
87
971
691
380
32
936
621
219
602
200
441
46
922
242
150
215
618
275
78
329
649
771
941
661
955
659
346
770
953
743
305
66
934
523
564
433
209
619
231
36
249
986
839
998
313
949
304
639
337
962
688
972
788
976
826
954
321
73
924
247
992
316
108
965
805
946
710
385
699
373
694
651
951
777
664
319
984
129
222
588
758
326
944
315
642
271
428
21
878
994
718
397
234
158
15
927
53
260
628
267
37
904
446
912
519
993
146
272
641
282
631
277
16
192
585
255
791
971
331
966
298
651
340
659
355
964
675
763
969
780
607
210
613
932
621
243
916
42
901
514
925
475
912
55
285
50
914
476
927
500
569
431
232
624
268
616
282
991
841
969
696
381
705
969
820
434
821
992
837
980
798
673
966
357
680
374
699
380
684
356
668
951
677
341
767
191
18
881
6
184
9
936
299
631
260
440
41
241
936
630
288
108
327
666
958
759
960
102
274
937
751
954
697
979
849
982
797
970
270
56
290
29
922
65
252
962
704
617
223
593
284
707
235
339
971
786
959
109
256
793
685
625
265
629
671
769
970
283
954
248
983
382
682
349
958
449
230
421
215
618
211
16
906
48
928
21
198
598
791
255
971
324
949
305
61
924
1
865
990
412
745
664
333
72
234
171
2
861
486
572
548
491
957
255
629
269
987
388
973
101
967
321
664
353
982
326
652
953
92
246
620
281
704
980
263
53
260
628
311
970
783
966
798
772
971
353
203
291
626
936
631
878
632
335
449
242
100
961
316
664
959
763
596
211
89
943
691
946
695
951
653
905
41
901
990
831
994
343
74
259
780
592
280
987
337
649
325
980
855
999
248
437
19
882
13
301
4
869
968
676
964
670
953
719
391
976
303
642
597
780
974
132
215
172
1002
867
983
402
711
762
331
985
275
43
956
737
293
637
262
95
955
658
637
290
86
983
139
257
775
965
315
946
318
217
592
215
449
221
38
932
19
879
476
578
781
976
101
222
435
909
518
920
46
270
639
941
641
283
636
299
714
392
701
228
349
684
361
666
956
668
945
671
366
964
757
967
802
970
372
698
225
615
210
611
273
623
216
30
444
904
36
895
439
893
998
399
719
739
953
759
602
264
619
207
622
243
167
1003
850
998
405
1000
142
17
908
461
555
477
840
631
940
627
260
611
211
610
238
105
338
654
333
657
944
664
343
655
341
669
331
636
335
667
949
771
255
927
248
619
262
159
230
447
587
776
962
879
976
801
946
678
617
682
363
985
832
972
907
514
915
518
914
460
912
959
663
945
656
305
650
340
678
364
669
361
679
368
696
962
740
957
763
953
747
961
313
651
310
644
285
84
215
440
238
920
250
70
944
674
