2000
411
40
440
21
385
43
410
4
535
931
478
968
554
921
606
265
628
241
710
387
6
534
939
455
20
532
7
386
712
367
45
384
65
366
714
299
622
920
555
966
492
893
573
919
607
245
619
301
601
922
537
1002
413
986
476
972
552
922
483
859
182
750
361
47
383
713
914
626
243
929
482
967
414
984
451
35
519
956
673
916
625
294
78
382
68
320
101
274
626
290
86
380
737
913
630
239
937
477
969
454
31
523
954
731
914
674
951
533
866
632
237
38
449
988
388
4
180
582
885
742
910
556
919
624
297
69
357
80
292
139
6
172
755
908
631
238
940
712
916
659
209
90
287
627
268
104
206
781
906
758
882
785
634
230
942
700
390
987
470
581
805
905
783
660
965
499
857
790
878
631
789
583
164
21
212
84
356
49
224
793
839
641
211
50
350
86
158
28
524
451
975
285
98
208
353
293
441
983
421
529
941
703
389
3
213
346
302
597
454
400
43
81
971
672
959
503
572
807
834
903
883
751
909
715
781
688
391
456
430
403
592
624
683
393
354
85
944
228
172
124
197
108
257
379
197
177
110
132
155
112
174
381
355
269
246
920
708
389
466
520
567
625
651
671
754
722
690
635
664
684
642
686
949
227
259
35
83
956
563
540
929
707
628
670
650
671
649
669
648
692
631
701
747
780
754
861
788
608
585
415
444
474
503
479
458
437
41
386
19
988
968
25
46
70
353
330
304
55
76
978
473
418
439
459
795
818
843
876
913
733
712
692
562
628
607
586
562
599
557
918
710
690
670
642
672
641
670
638
675
654
634
656
636
614
573
552
532
415
394
596
576
556
579
892
784
764
744
724
914
936
242
287
307
334
87
107
203
226
206
267
204
226
206
262
205
261
204
226
206
260
205
261
106
86
211
233
213
237
217
197
218
198
219
195
222
191
226
188
243
271
103
123
146
167
188
241
271
243
272
244
277
297
379
221
198
222
199
221
198
222
197
220
950
680
645
678
644
680
645
678
644
680
645
678
644
680
645
678
644
680
645
678
644
680
645
678
644
680
645
678
644
680
645
678
644
680
645
678
644
680
645
678
644
680
645
678
644
680
645
678
644
680
645
678
644
680
645
678
644
680
645
678
644
680
645
678
644
680
645
678
644
680
645
678
644
680
645
678
644
680
645
678
644
680
645
678
644
680
645
678
644
680
645
678
644
680
645
678
644
680
645
678
644
680
645
678
644
680
645
678
644
680
645
678
644
680
645
678
644
680
645
678
644
680
645
678
644
680
645
678
644
680
645
678
644
680
645
678
644
680
645
678
644
680
645
678
644
680
645
678
644
680
645
678
644
680
645
678
644
680
645
678
644
680
645
678
644
680
645
678
644
680
645
678
644
680
645
678
644
680
645
678
644
680
645
678
644
680
645
678
644
680
645
678
644
680
645
678
644
680
645
678
644
680
645
678
644
680
645
678
644
680
645
678
644
680
645
678
644
680
645
678
644
680
645
678
644
680
645
678
644
680
645
678
644
680
645
678
644
680
645
678
644
680
645
678
644
680
645
678
644
680
645
678
644
680
645
678
644
680
645
678
644
680
645
678
644
680
645
678
644
680
645
678
644
680
645
678
644
680
645
678
644
680
645
678
644
680
645
678
644
680
645
678
644
680
645
678
644
680
645
678
644
680
645
678
644
680
645
678
644
680
645
678
644
680
645
678
644
680
645
678
644
680
645
678
644
680
645
678
644
680
645
678
644
680
645
678
644
680
645
678
644
680
645
678
644
680
645
678
644
680
645
678
644
680
645
678
644
680
645
678
644
680
645
678
644
680
645
678
644
680
645
678
644
680
645
678
644
680
645
678
644
680
645
678
644
680
645
678
644
680
645
678
644
680
645
678
644
680
645
678
644
680
645
678
644
680
645
678
644
680
645
678
644
680
645
678
644
680
645
678
644
680
645
678
644
680
645
678
644
680
645
678
644
680
645
678
644
680
645
678
644
680
645
678
644
680
645
678
644
680
645
678
644
680
645
678
644
680
645
678
644
680
645
678
644
680
645
678
644
680
645
678
644
680
645
678
644
680
645
678
644
680
645
678
644
680
645
678
644
680
645
678
644
680
645
678
644
680
645
678
644
680
645
678
644
680
645
678
644
680
645
678
644
680
645
678
644
680
645
678
644
680
645
678
644
680
645
678
644
680
645
678
644
680
645
678
644
680
645
678
644
680
645
678
644
680
645
678
644
680
645
678
644
680
645
678
644
680
645
678
644
680
645
678
644
680
645
678
644
680
645
678
644
680
645
678
644
680
645
678
644
680
645
678
644
680
645
678
644
680
645
678
644
680
645
678
644
680
645
678
644
680
645
678
644
680
645
678
644
680
645
678
644
680
645
678
644
680
645
678
644
680
645
678
644
680
645
678
644
680
645
678
644
680
645
678
644
680
645
678
644
680
645
678
644
680
645
678
644
680
645
678
644
680
645
678
644
680
645
678
644
680
645
678
644
680
645
678
644
680
645
678
644
680
645
678
644
680
645
678
644
680
645
678
644
680
645
678
644
680
645
678
644
680
645
678
644
680
645
678
644
680
645
678
644
680
645
678
644
680
645
678
644
680
645
678
644
680
645
678
644
680
645
678
644
680
645
678
644
680
645
678
644
680
645
678
644
680
645
678
644
680
645
678
644
680
645
678
644
680
645
678
644
680
645
678
644
680
645
678
644
680
645
678
644
680
645
678
644
680
645
678
644
680
645
678
644
680
645
678
644
680
645
678
644
680
645
678
644
680
645
678
644
680
645
678
644
680
645
678
644
680
645
678
644
680
645
678
644
680
645
678
644
680
645
678
644
680
645
678
644
680
645
678
644
680
645
678
644
680
645
678
644
680
645
678
644
680
645
678
644
680
645
678
644
680
645
678
644
680
645
678
644
680
645
678
644
680
645
678
644
680
645
678
644
680
645
678
644
680
645
678
644
680
645
678
644
680
645
678
644
680
645
678
644
680
645
678
644
680
645
678
644
680
645
678
644
680
645
678
644
680
645
678
644
680
645
678
644
680
645
678
644
680
645
678
644
680
645
678
644
680
645
678
644
680
645
678
644
680
645
678
644
680
645
678
644
680
645
678
644
680
645
678
644
680
645
678
644
680
645
678
644
680
645
678
644
680
645
678
644
680
645
678
644
680
645
678
644
680
645
678
644
680
645
678
644
680
645
678
644
680
645
678
644
680
645
678
644
680
645
678
644
680
645
678
644
680
645
678
644
680
645
678
644
680
645
678
644
680
645
678
644
680
645
678
644
680
645
678
644
680
645
678
644
680
645
678
644
680
645
678
644
680
645
678
644
680
645
678
644
680
645
678
644
680
645
678
644
680
645
678
644
680
645
678
644
680
645
678
644
680
645
678
644
680
645
678
644
680
645
678
644
680
645
678
644
680
645
678
644
680
645
678
644
680
645
678
644
680
645
678
644
680
645
678
644
680
645
678
644
680
645
678
644
680
645
678
644
680
645
678
644
680
645
678
644
680
645
678
644
680
645
678
644
680
645
678
644
680
645
678
644
680
645
678
644
680
645
678
644
680
645
678
644
680
645
678
644
680
645
678
644
680
645
678
644
680
645
678
644
680
645
678
644
680
645
678
644
680
645
678
644
680
645
678
644
680
645
678
644
680
645
678
644
680
645
678
644
680
645
678
644
680
645
678
644
680
645
678
644
680
645
678
644
680
645
678
644
680
645
678
644
680
645
678
644
680
645
678
644
680
645
678
644
680
645
678
644
680
645
678
644
680
645
678
644
680
645
678
644
680
645
678
644
680
645
678
644
680
645
678
644
680
645
678
644
680
645
678
644
680
645
678
644
680
645
678
644
680
645
678
644
680
645
678
644
680
645
678
644
680
645
678
644
680
645
678
644
680
645
678
644
680
645
678
644
680
645
678
644
680
645
678
644
680
645
678
644
680
645
678
644
680
645
678
644
680
645
678
644
680
645
678
644
680
645
678
644
680
645
678
644
680
645
678
644
680
645
678
644
680
645
678
644
680
645
678
644
680
645
678
644
680
645
678
644
680
645
678
644
680
645
678
644
680
645
678
644
680
645
678
644
680
645
678
644
680
645
678
644
680
645
678
644
680
645
678
644
680
645
678
644
680
645
678
644
680
645
678
644
680
645
678
644
680
645
678
644
680
645
678
644
680
645
678
644
680
645
678
644
680
645
678
644
680
645
678
644
680
645
678
644
680
645
678
644
680
645
678
644
680
645
678
644
680
645
678
644
680
645
678
644
680
645
678
644
680
645
678
644
680
645
678
644
680
645
678
644
680
645
678
644
680
645
678
644
680
645
678
644
680
645
678
644
680
645
678
644
680
645
678
644
680
645
678
644
680
645
678
644
680
645
678
644
680
645
678
644
680
645
678
644
680
645
678
644
680
645
678
644
680
645
678
644
680
645
678
644
680
645
678
644
680
645
678
644
680
645
678
644
680
645
678
644
680
645
678
644
680
645
678
644
680
645
678
644
680
645
678
644
680
645
678
644
680
645
678
