2000
503
27
486
2
462
29
481
964
519
1002
550
975
509
1004
518
972
566
953
522
934
567
950
582
927
525
951
553
999
520
962
551
973
512
25
494
2
425
30
460
51
474
7
420
39
448
77
418
55
458
74
426
998
524
906
583
924
572
932
555
893
584
920
575
930
523
959
552
934
447
79
416
86
406
95
444
991
503
981
479
47
498
1
476
49
461
73
450
59
473
9
493
26
472
71
428
993
499
982
547
958
564
881
585
917
609
905
585
890
612
223
789
202
775
213
788
228
617
250
815
265
638
286
729
323
664
337
651
297
740
172
758
250
791
201
833
275
730
234
770
203
687
357
663
345
678
332
722
307
665
321
763
231
786
285
743
260
779
153
801
245
746
157
793
187
839
200
792
189
764
273
732
232
782
252
750
293
711
384
87
415
104
405
112
441
81
409
92
381
713
257
756
177
846
185
863
527
994
537
939
521
960
535
944
567
927
624
270
616
902
525
996
427
83
387
710
327
657
358
983
466
28
483
40
443
60
396
119
379
96
402
115
869
556
891
634
300
692
214
620
901
597
918
606
233
806
170
907
455
57
451
35
459
53
419
76
449
37
493
976
505
989
539
935
229
787
164
893
632
312
658
948
529
990
489
962
325
72
466
48
388
701
311
62
438
41
415
80
410
91
353
683
928
557
884
636
295
742
408
93
340
650
907
576
123
373
977
484
17
515
969
330
654
949
669
320
107
374
702
919
591
199
604
235
930
678
265
719
342
647
351
690
925
556
956
664
944
530
913
448
875
619
858
597
211
798
167
1002
423
75
307
739
410
58
283
725
398
116
347
642
275
615
912
458
31
454
903
706
287
637
880
671
334
96
297
609
853
465
18
514
966
480
42
278
63
435
54
284
939
446
50
285
98
333
674
364
982
379
706
893
455
905
683
870
652
293
49
819
46
433
66
271
644
941
541
898
507
945
703
373
131
395
718
939
248
32
452
5
421
750
919
554
947
531
896
456
833
589
193
771
436
44
266
626
304
633
253
74
240
927
250
595
279
623
843
460
902
725
924
698
370
682
968
344
984
318
628
260
70
330
664
947
246
98
231
611
271
927
686
361
968
506
979
134
372
695
963
322
119
227
625
267
69
431
12
184
5
361
662
346
982
477
885
740
876
713
296
635
302
602
206
24
496
891
730
402
724
909
463
842
646
936
525
979
676
343
987
316
704
924
447
910
451
921
747
874
764
965
693
375
678
366
994
150
15
181
587
251
926
220
614
273
64
244
952
315
643
300
608
234
77
201
11
442
61
439
5
162
19
148
33
342
10
445
52
250
934
630
288
986
377
701
959
744
936
722
892
490
862
767
577
781
603
258
589
201
31
221
600
204
588
225
105
957
659
310
949
528
959
356
688
968
760
918
450
846
1003
164
592
170
1000
389
720
954
466
850
485
956
250
635
258
72
244
927
236
601
216
618
933
621
261
596
190
763
430
17
213
584
788
914
453
583
208
593
179
26
158
2
444
931
675
363
693
978
354
963
703
977
815
461
942
707
385
728
400
745
883
502
866
765
880
727
920
253
947
260
622
280
59
211
18
419
13
182
402
717
383
3
392
726
899
511
974
701
906
450
584
171
32
373
685
365
660
324
651
328
1003
292
969
319
954
282
631
940
640
276
612
780
861
6
129
222
938
702
969
680
348
970
676
357
997
138
41
894
444
56
229
101
963
691
976
306
963
804
983
328
668
961
355
689
985
818
468
581
763
916
517
914
771
965
378
708
971
821
474
564
755
423
754
890
779
629
255
109
203
606
217
598
237
84
197
608
241
39
264
82
199
121
982
681
368
696
380
711
916
6
900
23
209
80
240
628
296
618
324
963
341
988
353
955
305
986
714
390
19
283
620
268
38
146
72
203
434
586
415
590
431
572
457
555
477
828
977
360
665
335
656
339
649
294
968
684
958
756
868
13
200
134
975
669
349
951
651
313
29
317
661
311
969
777
954
724
932
76
243
36
904
778
580
413
741
397
731
952
70
210
417
289
631
266
47
239
972
794
857
999
411
737
394
719
990
131
252
989
152
195
9
284
639
943
637
264
55
268
940
758
424
772
911
516
898
514
908
775
865
497
906
513
902
806
981
826
472
578
439
209
619
219
621
750
699
398
716
385
705
382
992
848
784
668
944
658
350
673
338
648
943
659
344
992
876
8
192
123
976
809
962
775
950
331
667
359
446
586
218
17
216
609
224
408
752
590
234
600
774
953
242
435
574
491
548
445
564
779
832
996
334
666
348
955
698
386
709
739
593
766
960
790
970
309
998
393
294
637
260
990
82
145
46
218
113
263
617
277
955
762
610
580
424
569
462
910
490
444
904
3
856
783
889
6
159
191
17
440
247
107
956
93
985
356
686
372
671
629
287
448
915
57
290
611
210
120
16
922
467
824
944
653
326
944
646
314
631
755
598
226
621
215
607
230
25
181
86
948
789
255
53
303
642
280
645
294
951
296
997
838
969
353
655
944
650
336
977
321
644
944
641
299
966
533
564
770
426
300
611
204
617
307
986
812
899
987
847
998
376
694
381
998
864
10
191
136
989
926
247
962
752
956
768
425
268
600
264
927
522
931
50
222
111
219
67
212
582
768
934
788
882
12
275
635
283
606
766
947
799
844
823
464
855
998
155
30
207
604
203
619
236
970
289
65
220
615
259
631
280
640
308
637
317
416
5
422
748
677
761
944
325
664
355
678
359
665
953
744
950
726
946
744
685
369
408
5
429
237
94
975
119
46
966
772
930
19
872
988
866
1000
285
1003
282
982
289
12
295
625
680
632
273
40
249
36
167
5
878
1004
163
996
104
229
38
213
115
207
127
987
897
1001
437
558
485
578
742
399
706
625
261
322
440
332
962
329
664
352
444
1001
442
261
61
90
260
637
660
693
371
982
292
612
783
585
219
584
679
375
414
218
50
927
14
141
998
149
256
33
291
266
44
241
26
291
445
540
580
773
427
772
901
43
174
2
79
947
90
992
420
210
440
238
591
214
413
758
722
405
1000
408
737
395
723
601
225
587
760
622
766
873
803
939
768
916
992
99
977
281
639
287
615
230
23
203
132
975
875
497
540
458
529
566
503
886
506
877
505
576
445
278
979
834
809
776
387
704
382
700
388
714
392
720
652
335
647
321
984
95
222
24
46
966
95
117
244
113
175
125
1000
155
183
10
879
964
64
220
617
238
628
266
433
241
919
236
621
261
60
222
447
216
27
892
829
854
460
434
378
701
373
961
371
679
364
955
358
668
361
982
359
403
363
666
354
647
336
672
733
927
846
1
870
990
856
968
383
230
614
768
379
710
994
260
620
934
625
741
410
234
626
934
623
227
25
944
710
937
771
382
772
967
68
208
581
767
791
920
799
975
785
960
759
372
283
304
633
326
657
317
443
993
887
28
926
608
749
619
231
618
738
710
582
764
378
679
581
754
588
776
961
763
949
305
970
681
350
950
337
440
298
430
339
968
757
423
387
777
962
829
987
834
979
803
941
768
947
79
212
65
930
775
946
786
254
36
894
993
893
980
793
257
989
809
962
790
256
340
1003
342
300
651
302
628
261
627
275
629
294
982
313
435
407
209
406
23
218
102
960
3
916
506
471
441
579
416
574
779
583
756
424
757
423
395
427
262
629
266
628
273
637
275
639
941
641
300
633
940
634
304
631
940
632
286
442
332
445
261
60
208
33
925
522
914
518
576
443
579
739
409
740
603
770
957
759
965
697
369
688
366
681
368
679
373
690
380
711
387
714
610
210
81
969
779
966
46
918
7
108
956
934
771
953
673
616
238
186
158
1002
870
973
841
993
828
973
771
958
845
990
136
174
5
335
647
288
623
280
632
259
284
440
238
190
13
866
11
927
815
957
763
581
724
754
607
721
741
761
922
942
964
876
991
136
985
5
989
883
960
102
220
98
986
308
635
303
426
313
435
396
712
735
761
934
954
248
227
206
18
213
134
215
107
242
222
46
966
785
973
872
958
339
443
577
445
579
775
969
883
768
947
74
234
72
968
77
218
103
60
216
150
197
55
267
450
579
445
366
970
367
331
437
217
97
43
22
330
970
328
999
324
970
71
234
173
16
188
7
916
6
172
8
153
20
46
918
28
887
991
830
990
138
992
893
439
419
21
416
257
277
622
271
623
261
629
668
786
764
582
629
267
639
275
632
280
639
581
666
359
688
364
693
959
695
370
690
373
688
357
686
377
765
592
630
280
626
289
628
295
443
476
441
266
446
579
443
295
625
757
968
811
970
780
959
762
965
805
976
300
630
579
444
421
441
461
436
499
445
332
657
678
371
442
504
445
403
206
402
440
238
186
17
126
989
817
954
90
207
16
875
992
888
769
728
396
440
238
190
21
969
857
990
829
975
96
218
170
8
153
9
993
28
60
229
252
232
185
233
190
238
440
390
718
683
659
679
658
637
660
680
657
623
224
624
656
636
597
231
178
234
187
207
40
993
43
968
385
230
187
211
597
743
770
928
761
741
770
928
761
741
770
928
761
741
770
928
761
741
770
928
