4000
411
23
432
49
409
24
430
51
408
27
392
53
406
68
391
55
483
958
527
932
506
988
525
1000
437
22
433
1001
521
917
597
912
530
954
488
935
505
990
438
19
446
903
514
925
535
911
598
227
621
263
714
297
646
312
660
334
646
287
735
275
702
373
56
386
71
381
701
277
725
262
793
175
810
203
776
253
631
288
710
368
685
352
710
235
747
301
630
316
724
289
693
214
785
163
811
172
801
199
854
160
812
148
826
195
769
255
726
276
647
286
740
240
799
200
760
179
790
223
750
184
805
161
846
195
607
911
444
44
420
23
415
1004
503
992
479
959
461
938
484
955
544
910
508
930
534
994
478
961
459
18
448
909
546
951
489
891
574
901
515
918
596
200
601
900
547
908
609
292
638
335
644
314
617
291
676
356
690
374
29
391
718
304
661
330
964
468
995
476
17
393
52
407
29
423
1003
416
49
356
964
458
998
438
21
445
910
537
917
212
797
221
783
215
592
236
927
512
979
472
963
526
984
439
895
548
907
600
214
613
899
610
220
622
325
668
949
532
939
503
945
670
358
67
384
700
278
618
231
930
629
342
678
354
68
401
53
428
25
396
724
302
626
932
490
883
635
295
53
403
61
388
729
267
55
378
72
372
704
269
719
923
539
909
657
331
85
377
73
343
81
264
937
504
991
424
1002
432
36
422
5
181
796
261
730
918
496
950
654
332
759
183
833
146
820
171
12
485
941
460
960
482
1
398
37
414
744
245
925
240
607
223
938
492
880
506
913
522
985
142
821
207
594
919
247
590
231
781
176
761
221
608
317
967
473
847
155
15
452
944
656
343
669
323
91
260
628
874
461
908
589
261
57
367
694
377
709
289
942
454
50
431
766
173
773
252
940
530
982
355
681
962
665
950
648
898
550
906
572
892
551
901
649
281
48
410
6
172
1002
519
947
247
924
225
788
233
929
511
891
643
346
768
429
755
955
659
356
976
471
2
156
837
192
585
908
581
156
9
399
728
268
38
411
5
139
23
395
729
984
716
393
26
133
838
185
592
202
600
223
930
528
950
286
632
299
962
335
75
270
620
212
786
162
996
467
965
311
665
340
977
347
682
957
487
887
705
370
681
362
63
385
699
940
455
970
707
937
636
305
624
269
640
290
57
389
53
303
720
884
434
999
157
861
495
980
721
945
673
330
971
704
379
992
412
746
321
112
962
477
997
441
900
516
903
442
923
255
781
164
752
921
523
915
754
169
802
975
108
327
658
943
649
341
958
486
850
993
828
189
764
338
95
256
629
320
616
273
64
337
964
322
978
703
380
72
932
513
926
252
790
166
770
188
832
979
293
637
886
509
928
244
953
672
350
2
141
17
213
583
194
589
270
942
659
894
718
383
68
266
945
677
375
995
320
61
239
927
271
623
262
41
412
755
324
958
480
857
990
145
11
409
748
882
491
939
296
634
937
643
288
615
220
943
453
965
319
660
940
499
866
651
955
450
905
553
789
258
45
418
10
191
605
197
602
282
942
695
974
120
259
792
222
933
489
946
686
361
696
963
771
186
594
205
29
129
252
918
232
64
280
54
405
742
873
502
864
494
945
274
639
315
7
400
736
949
711
386
717
926
521
916
247
624
936
631
300
645
313
9
421
765
879
18
135
238
47
907
713
386
771
870
486
923
245
591
226
599
909
602
204
32
248
586
454
583
782
254
794
951
653
295
966
674
952
101
218
695
373
51
368
982
815
266
44
427
1002
175
764
966
303
957
731
402
23
206
593
436
34
894
512
902
435
993
149
229
588
908
583
493
871
16
208
611
264
811
980
289
633
876
722
271
642
892
443
906
517
578
787
257
86
941
665
326
949
666
363
685
962
774
857
500
932
708
387
684
366
996
159
584
776
921
65
211
689
360
989
118
968
757
421
759
957
307
641
940
650
284
44
241
925
525
574
760
905
22
444
587
243
944
251
982
380
32
302
627
267
818
979
310
60
922
40
273
625
238
69
194
604
213
113
316
963
679
349
958
687
220
593
276
981
843
1002
147
8
426
34
404
733
954
780
854
491
849
999
466
813
971
712
396
982
244
949
464
580
779
960
468
2
469
3
470
7
338
641
265
76
222
50
930
236
97
965
708
950
739
290
708
988
719
264
85
203
619
223
788
227
121
966
685
937
635
277
950
721
987
478
938
751
399
733
906
447
917
440
907
437
900
448
934
526
3
865
777
393
726
883
22
308
630
259
612
225
601
293
649
305
67
927
30
304
970
688
371
976
345
664
352
671
339
667
962
535
4
179
597
189
13
490
855
989
417
996
861
10
195
603
244
964
536
998
254
49
441
34
299
648
953
691
365
987
822
640
317
64
284
638
280
956
463
594
433
5
165
585
768
872
988
715
384
701
972
381
762
408
760
948
98
228
26
188
606
211
124
330
641
888
510
905
42
298
942
74
926
224
617
763
683
971
803
983
305
60
267
36
263
586
225
792
256
617
217
583
510
895
645
938
650
333
1003
866
697
370
980
390
722
398
983
130
242
105
255
791
844
997
411
992
247
926
524
959
671
359
966
91
985
831
994
722
760
379
704
980
823
466
845
449
816
262
62
297
636
282
735
402
727
409
747
952
679
365
35
912
519
909
654
953
671
947
659
320
647
338
981
369
675
943
698
947
666
344
968
790
589
773
960
737
958
84
261
634
270
725
396
997
442
7
884
984
248
937
235
173
1002
886
979
351
31
245
935
626
285
55
919
600
193
765
954
699
273
116
200
601
763
962
750
958
775
580
215
16
876
766
192
592
783
975
95
955
252
920
256
793
689
626
255
603
770
671
629
935
621
215
52
924
497
863
9
472
825
465
918
509
908
489
866
979
835
941
643
323
652
296
37
257
616
205
19
201
616
210
612
239
32
170
1003
351
680
368
669
947
741
954
238
109
967
806
628
804
627
805
628
804
627
805
628
804
627
805
628
804
627
805
628
804
627
805
628
804
627
805
628
804
627
805
628
804
627
805
628
804
627
805
628
804
627
805
628
804
627
805
628
804
627
805
628
804
627
805
628
804
627
805
628
804
627
805
628
804
627
805
628
804
627
805
628
804
627
805
628
804
627
805
628
804
627
805
628
804
627
805
628
804
627
805
628
804
627
805
628
804
627
805
628
804
627
805
628
804
627
805
628
804
627
805
628
804
627
805
628
804
627
805
628
804
627
805
628
804
627
805
628
804
627
805
628
804
627
805
628
804
627
805
628
804
627
805
628
804
627
805
628
804
627
805
628
804
627
805
628
804
627
805
628
804
627
805
628
804
627
805
628
804
627
805
628
804
627
805
628
804
627
805
628
804
627
805
628
804
627
805
628
804
627
805
628
804
627
805
628
804
627
805
628
804
627
805
628
804
627
805
628
804
627
805
628
804
627
805
628
804
627
805
628
804
627
805
628
804
627
805
628
804
627
805
628
804
627
805
628
804
627
805
628
804
627
805
628
804
627
805
628
804
627
805
628
804
627
805
628
804
627
805
628
804
627
805
628
804
627
805
628
804
627
805
628
804
627
805
628
804
627
805
628
804
627
805
628
804
627
805
628
804
627
805
628
804
627
805
628
804
627
805
628
804
627
805
628
804
627
805
628
804
627
805
628
804
627
805
628
804
627
805
628
804
627
805
628
804
627
805
628
804
627
805
628
804
627
805
628
804
627
805
628
804
627
805
628
804
627
805
628
804
627
805
628
804
627
805
628
804
627
805
628
804
627
805
628
804
627
805
628
804
627
805
628
804
627
805
628
804
627
805
628
804
627
805
628
804
627
805
628
804
627
805
628
804
627
805
628
804
627
805
628
804
627
805
628
804
627
805
628
804
627
805
628
804
627
805
628
804
627
805
628
804
627
805
628
804
627
805
628
804
627
805
628
804
627
805
628
804
627
805
628
804
627
805
628
804
627
805
628
804
627
805
628
804
627
805
628
804
627
805
628
804
627
805
628
804
627
805
628
804
627
805
628
804
627
805
628
804
627
805
628
804
627
805
628
804
627
805
628
804
627
805
628
804
627
805
628
804
627
805
628
804
627
805
628
804
627
805
628
804
627
805
628
804
627
805
628
804
627
805
628
804
627
805
628
804
627
805
628
804
627
805
628
804
627
805
628
804
627
805
628
804
627
805
628
804
627
805
628
804
627
805
628
804
627
805
628
804
627
805
628
804
627
805
628
804
627
805
628
804
627
805
628
804
627
805
628
804
627
805
628
804
627
805
628
804
627
805
628
804
627
805
628
804
627
805
628
804
627
805
628
804
627
805
628
804
627
805
628
804
627
805
628
804
627
805
628
804
627
805
628
804
627
805
628
804
627
805
628
804
627
805
628
804
627
805
628
804
627
805
628
804
627
805
628
804
627
805
628
804
627
805
628
804
627
805
628
804
627
805
628
804
627
805
628
804
627
805
628
804
627
805
628
804
627
805
628
804
627
805
628
804
627
805
628
804
627
805
628
804
627
805
628
804
627
805
628
804
627
805
628
804
627
805
628
804
627
805
628
804
627
805
628
804
627
805
628
804
627
805
628
804
627
805
628
804
627
805
628
804
627
805
628
804
627
805
628
804
627
805
628
804
627
805
628
804
627
805
628
804
627
805
628
804
627
805
628
804
627
805
628
804
627
805
628
804
627
805
628
804
627
805
628
804
627
805
628
804
627
805
628
804
627
805
628
804
627
805
628
804
627
805
628
804
627
805
628
804
627
805
628
804
627
805
628
804
627
805
628
804
627
805
628
804
627
805
628
804
627
805
628
804
627
805
628
804
627
805
628
804
627
805
628
804
627
805
628
804
627
805
628
804
627
805
628
804
627
805
628
804
627
805
628
804
627
805
628
804
627
805
628
804
627
805
628
804
627
805
628
804
627
805
628
804
627
805
628
804
627
805
628
804
627
805
628
804
627
805
628
804
627
805
628
804
627
805
628
804
627
805
628
804
627
805
628
804
627
805
628
804
627
805
628
804
627
805
628
804
627
805
628
804
627
805
628
804
627
805
628
804
627
805
628
804
627
805
628
804
627
805
628
804
627
805
628
804
627
805
628
804
627
805
628
804
627
805
628
804
627
805
628
804
627
805
628
804
627
805
628
804
627
805
628
804
627
805
628
804
627
805
628
804
627
805
628
804
627
805
628
804
627
805
628
804
627
805
628
804
627
805
628
804
627
805
628
804
627
805
628
804
627
805
628
804
627
805
628
804
627
805
628
804
627
805
628
804
627
805
628
804
627
805
628
804
627
805
628
804
627
805
628
804
627
805
628
804
627
805
628
804
627
805
628
804
627
805
628
804
627
805
628
804
627
805
628
804
627
805
628
804
627
805
628
804
627
805
628
804
627
805
628
804
627
805
628
804
627
805
628
804
627
805
628
804
627
805
628
804
627
805
628
804
627
805
628
804
627
805
628
804
627
805
628
804
627
805
628
804
627
805
628
804
627
805
628
804
627
805
628
804
627
805
628
804
627
805
628
804
627
805
628
804
627
805
628
804
627
805
628
804
627
805
628
804
627
805
628
804
627
805
628
804
627
805
628
804
627
805
628
804
627
805
628
804
627
805
628
804
627
805
628
804
627
805
628
804
627
805
628
804
627
805
628
804
627
805
628
804
627
805
628
804
627
805
628
804
627
805
628
804
627
805
628
804
627
805
628
804
627
805
628
804
627
805
628
804
627
805
628
804
627
805
628
804
627
805
628
804
627
805
628
804
627
805
628
804
627
805
628
804
627
805
628
804
627
805
628
804
627
805
628
804
627
805
628
804
627
805
628
804
627
805
628
804
627
805
628
804
627
805
628
804
627
805
628
804
627
805
628
804
627
805
628
804
627
805
628
804
627
805
628
804
627
805
628
804
627
805
628
804
627
805
628
804
627
805
628
804
627
805
628
804
627
805
628
804
627
805
628
804
627
805
628
804
627
805
628
804
627
805
628
804
627
805
628
804
627
805
628
804
627
805
628
804
627
805
628
804
627
805
628
804
627
805
628
804
627
805
628
804
627
805
628
804
627
805
628
804
627
805
628
804
627
805
628
804
627
805
628
804
627
805
628
804
627
805
628
804
627
805
628
804
627
805
628
804
627
805
628
804
627
805
628
804
627
805
628
804
627
805
628
804
627
805
628
804
627
805
628
804
627
805
628
804
627
805
628
804
627
805
628
804
627
805
628
804
627
805
628
804
627
805
628
804
627
805
628
804
627
805
628
804
627
805
628
804
627
805
628
804
627
805
628
804
627
805
628
804
627
805
628
804
627
805
628
804
627
805
628
804
627
805
628
804
627
805
628
804
627
805
628
804
627
805
628
804
627
805
628
804
627
805
628
804
627
805
628
804
627
805
628
804
627
805
628
804
627
805
628
804
627
805
628
804
627
805
628
804
627
805
628
804
627
805
628
804
627
805
628
804
627
805
628
804
627
805
628
804
627
805
628
804
627
805
628
804
627
805
628
804
627
805
628
804
627
805
628
804
627
805
628
804
627
805
628
804
627
805
628
804
627
805
628
804
627
805
628
804
627
805
628
804
627
805
628
804
627
805
628
804
627
805
628
804
627
805
628
804
627
805
628
804
627
805
628
804
627
805
628
804
627
805
628
804
627
805
628
804
627
805
628
804
627
805
628
804
627
805
628
804
627
805
628
804
627
805
628
804
627
805
628
804
627
805
628
804
627
805
628
804
627
805
628
804
627
805
628
804
627
805
628
804
627
805
628
804
627
805
628
804
627
805
628
804
627
805
628
804
627
805
628
804
627
805
628
804
627
805
628
804
627
805
628
804
627
805
628
804
627
805
628
804
627
805
628
804
627
805
628
804
627
805
628
804
627
805
628
804
627
805
628
804
627
805
628
804
627
805
628
804
627
805
628
804
627
805
628
804
627
805
628
804
627
805
628
804
627
805
628
804
627
805
628
804
627
805
628
804
627
805
628
804
627
805
628
804
627
805
628
804
627
805
628
804
627
805
628
804
627
805
628
804
627
805
628
804
627
805
628
804
627
805
628
804
627
805
628
804
627
805
628
804
627
805
628
804
627
805
628
804
627
805
628
804
627
805
628
804
627
805
628
804
627
805
628
804
627
805
628
804
627
805
628
804
627
805
628
804
627
805
628
804
627
805
628
804
627
805
628
804
627
805
628
804
627
805
628
804
627
805
628
804
627
805
628
804
627
805
628
804
627
805
628
804
627
805
628
804
627
805
628
804
627
805
628
804
627
805
628
804
627
805
628
804
627
805
628
804
627
805
628
804
627
805
628
804
627
805
628
804
627
805
628
804
627
805
628
804
627
805
628
804
627
805
628
804
627
805
628
804
627
805
628
804
627
805
628
804
627
805
628
804
627
805
628
804
627
805
628
804
627
805
628
804
627
805
628
804
627
805
628
804
627
805
628
804
627
805
628
804
627
805
628
804
627
805
628
804
627
805
628
804
627
805
628
804
627
805
628
804
627
805
628
804
627
805
628
804
627
805
628
804
627
805
628
804
627
805
628
804
627
805
628
804
627
805
628
804
627
805
628
804
627
805
628
804
627
805
628
804
627
805
628
804
627
805
628
804
627
805
628
804
627
805
628
804
627
805
628
804
627
805
628
804
627
805
628
804
627
805
628
804
627
805
628
804
627
805
628
804
627
805
628
804
627
805
628
804
627
805
628
804
627
805
628
804
627
805
628
804
627
805
628
804
627
805
628
804
627
805
628
804
627
805
628
804
627
805
628
804
627
805
628
804
627
805
628
804
627
805
628
804
627
805
628
804
627
805
628
804
627
805
628
804
627
805
628
804
627
805
628
804
627
805
628
804
627
805
628
804
627
805
628
804
627
805
628
804
627
805
628
804
627
805
628
804
627
805
628
804
627
805
628
804
627
805
628
804
627
805
628
804
627
805
628
804
627
805
628
804
627
805
628
804
627
805
628
804
627
805
628
804
627
805
628
804
627
805
628
804
627
805
628
804
627
805
628
804
627
805
628
804
627
805
628
804
627
805
628
804
627
805
628
804
627
805
628
804
627
805
628
804
627
805
628
804
627
805
628
804
627
805
628
804
627
805
628
804
627
805
628
804
627
805
628
804
627
805
628
804
627
805
628
804
627
805
628
804
627
805
628
804
627
805
628
804
627
805
628
804
627
805
628
804
627
805
628
804
627
805
628
804
627
805
628
804
627
805
628
804
627
805
628
804
627
805
628
804
627
805
628
804
627
805
628
804
627
805
628
804
627
805
628
804
627
805
628
804
627
805
628
804
627
805
628
804
627
805
628
804
627
805
628
804
627
805
628
804
627
805
628
804
627
805
628
804
627
805
628
804
627
805
628
804
627
805
628
804
627
805
628
804
627
805
628
804
627
805
628
804
627
805
628
804
627
805
628
804
627
805
628
804
627
805
628
804
627
805
628
804
627
805
628
804
627
805
628
804
627
805
628
804
627
805
628
804
627
805
628
804
627
805
628
804
627
805
628
804
627
805
628
804
627
805
628
804
627
805
628
804
627
805
628
804
627
805
628
804
627
805
628
804
627
805
628
804
627
805
628
804
627
805
628
804
627
805
628
804
627
805
628
804
627
805
628
804
627
805
628
804
627
805
628
804
627
805
628
804
627
805
628
804
627
805
628
804
627
805
628
804
627
805
628
804
627
805
628
804
627
805
628
804
627
805
628
804
627
805
628
804
627
805
628
804
627
805
628
804
627
805
628
804
627
805
628
804
627
805
628
804
627
805
628
804
627
805
628
804
627
805
628
804
627
805
628
804
627
805
628
804
627
805
628
804
627
805
628
804
627
805
628
804
627
805
628
804
627
805
628
804
627
805
628
804
627
805
628
804
627
805
628
804
627
805
628
804
627
805
628
804
627
805
628
804
627
805
628
804
627
805
628
804
627
805
628
804
627
805
628
804
627
805
628
804
627
805
628
804
627
805
628
804
627
805
628
804
627
805
628
804
627
805
628
804
627
805
628
804
627
805
628
804
627
805
628
804
627
805
628
804
627
805
628
804
627
805
628
804
627
805
628
804
627
805
628
804
627
805
628
804
627
805
628
804
627
805
628
804
627
805
