2000
411
23
432
49
409
24
430
51
408
27
392
53
406
28
429
1
536
942
515
911
454
950
512
984
505
961
472
908
517
940
537
1001
433
22
442
14
433
46
379
704
279
635
297
652
307
633
299
714
260
636
270
722
368
685
352
705
373
51
378
29
388
702
280
633
313
626
932
523
905
583
893
506
959
475
946
513
912
451
962
470
979
381
703
234
609
923
538
939
522
907
582
164
782
254
637
259
716
296
653
331
632
316
619
212
784
163
799
170
781
257
723
267
636
276
733
294
749
176
796
233
705
377
63
372
53
399
28
421
51
426
24
422
1001
503
985
498
1002
488
953
510
880
485
957
509
972
348
706
370
64
366
970
467
909
516
941
644
302
627
931
532
904
586
195
601
922
540
901
525
938
248
928
533
3
409
994
435
19
445
10
492
864
222
790
159
820
182
752
334
674
353
665
953
672
337
626
236
928
476
860
194
815
157
785
253
926
628
300
648
940
520
883
457
980
466
999
434
21
444
933
621
282
607
925
629
281
735
227
707
347
973
495
859
477
922
610
215
784
220
602
187
830
144
791
174
759
198
808
154
821
141
839
191
597
243
943
514
945
482
873
514
949
675
330
662
356
672
369
54
398
65
364
983
346
63
401
36
386
703
246
942
442
46
418
28
389
700
395
66
360
661
955
486
877
499
990
437
12
508
925
255
777
171
798
195
595
262
718
384
37
428
62
405
740
287
708
375
63
381
38
264
58
308
623
933
522
906
542
892
564
83
344
765
182
598
226
615
303
961
684
378
983
139
835
184
819
264
936
251
786
145
828
188
13
414
51
403
35
387
722
306
61
261
811
169
755
304
614
922
631
261
618
220
919
445
900
546
915
450
963
469
988
136
825
152
852
451
7
438
924
613
309
958
481
884
434
996
134
840
182
583
196
769
165
753
301
980
709
974
334
985
361
688
349
971
712
323
664
954
487
857
155
744
352
678
961
318
610
204
594
237
944
642
273
615
919
519
896
493
891
543
22
216
913
223
589
209
784
254
936
272
616
201
807
264
628
930
624
271
84
558
966
474
960
353
64
399
733
956
686
365
681
963
114
1003
421
25
182
600
198
11
440
51
375
670
955
663
326
964
449
913
551
939
244
925
232
61
407
743
952
511
895
650
298
73
250
787
160
995
464
911
452
961
351
686
362
984
343
652
944
530
924
608
256
33
404
748
330
70
281
48
246
586
227
614
213
927
221
592
267
603
184
761
964
301
647
891
706
983
126
1000
393
717
385
982
380
718
981
144
996
841
478
959
731
409
26
419
1
159
17
443
941
646
336
673
951
529
898
456
981
702
939
491
892
526
931
734
394
715
978
697
268
633
876
500
858
4
123
340
660
961
292
642
312
56
320
972
365
64
371
696
382
37
249
88
222
605
206
615
194
602
288
643
892
749
321
16
194
795
235
936
638
882
497
863
991
485
840
998
132
19
424
772
201
817
185
767
166
586
212
914
444
901
518
907
453
581
182
772
185
24
431
760
413
751
922
603
207
593
283
45
910
461
942
656
949
274
54
280
606
187
763
957
740
390
736
898
446
950
666
342
640
941
249
937
263
816
992
722
939
524
902
646
333
966
471
820
980
245
614
274
76
230
795
237
604
244
65
396
725
936
459
906
580
184
607
199
775
258
639
324
999
726
391
718
953
687
385
993
846
489
855
481
838
1003
169
26
121
968
676
329
667
942
662
960
301
634
261
600
285
645
941
636
286
933
265
86
310
36
207
16
886
555
83
240
915
235
970
809
260
780
172
757
964
365
982
392
6
416
32
387
776
962
690
941
499
879
22
192
790
175
585
906
588
157
27
238
943
698
977
253
797
980
263
55
425
757
881
506
885
472
869
494
856
478
926
74
243
622
314
655
957
682
372
699
973
689
376
697
374
680
963
671
341
989
151
45
900
575
778
253
948
531
950
98
212
16
201
613
217
93
325
961
703
922
247
992
714
987
705
371
995
843
973
353
997
834
649
294
625
276
933
440
905
42
361
665
354
988
854
6
407
738
295
79
227
591
170
1000
410
13
865
987
280
97
323
9
175
599
233
917
484
837
628
287
932
525
927
70
278
620
225
698
954
656
305
743
958
728
322
753
962
694
377
711
927
457
897
448
582
783
190
784
189
782
173
783
190
784
189
781
188
784
189
787
216
603
200
608
264
633
940
637
886
778
222
779
223
780
229
618
930
242
107
956
328
756
917
239
956
791
232
787
974
685
363
983
137
286
640
269
623
302
43
443
898
504
581
199
615
219
56
916
465
920
436
17
285
51
920
458
850
992
148
289
631
308
617
281
597
211
775
218
776
219
777
220
781
227
782
187
784
228
787
203
599
225
791
256
789
197
804
179
766
182
769
179
782
161
1004
383
48
441
899
507
72
502
894
434
12
195
789
960
671
965
667
339
146
52
283
20
317
980
822
475
916
252
780
968
687
359
47
290
648
950
672
954
251
32
227
700
273
630
939
455
587
419
16
888
438
902
432
35
249
967
831
995
528
576
439
49
927
489
868
18
186
832
653
947
658
941
673
366
680
363
664
335
67
973
295
948
707
235
930
250
924
65
334
66
278
636
292
33
245
930
517
914
246
954
768
964
262
629
815
461
958
657
342
655
942
671
374
677
350
729
950
711
381
704
799
975
331
662
941
635
256
617
931
499
862
1
405
753
180
786
194
577
161
583
218
607
197
608
213
17
289
109
238
447
923
490
862
968
341
659
321
37
257
791
979
713
952
105
302
630
271
91
964
679
364
978
376
993
874
983
716
397
746
956
104
255
786
193
785
192
786
193
785
192
786
193
785
192
786
193
785
192
786
193
785
192
786
193
785
192
786
193
785
192
786
193
785
192
786
193
785
192
786
193
785
192
786
193
785
192
786
193
785
192
786
193
785
192
786
193
785
192
786
193
785
192
786
193
785
192
786
193
785
192
786
193
785
192
786
193
785
192
786
193
785
192
786
193
785
192
786
193
785
192
786
193
785
192
786
193
785
192
786
193
785
192
786
193
785
192
786
193
785
192
786
193
785
192
786
193
785
192
786
193
785
192
786
193
785
192
786
193
785
192
786
193
785
192
786
193
785
192
786
193
785
192
786
193
785
192
786
193
785
192
786
193
785
192
786
193
785
192
786
193
785
192
786
193
785
192
786
193
785
192
786
193
785
192
786
193
785
192
786
193
785
192
786
193
785
192
786
193
785
192
786
193
785
192
786
193
785
192
786
193
785
192
786
193
785
192
786
193
785
192
786
193
785
192
786
193
785
192
786
193
785
192
786
193
785
192
786
193
785
192
786
193
785
192
786
193
785
192
786
193
785
192
786
193
785
192
786
193
785
192
786
193
785
192
786
193
785
192
786
193
785
192
786
193
785
192
786
193
785
192
786
193
785
192
786
193
785
192
786
193
785
192
786
193
785
192
786
193
785
192
786
193
785
192
786
193
785
192
786
193
785
192
786
193
785
192
786
193
785
192
786
193
785
192
786
193
785
192
786
193
785
192
786
193
785
192
786
193
785
192
786
193
785
192
786
193
785
192
786
193
785
192
786
193
785
192
786
193
785
192
786
193
785
192
786
193
785
192
786
193
785
192
786
193
785
192
786
193
785
192
786
193
785
192
786
193
785
192
786
193
785
192
786
193
785
192
786
193
785
192
786
193
785
192
786
193
785
192
786
193
785
192
786
193
785
192
786
193
785
192
786
193
785
192
786
193
785
192
786
193
785
192
786
193
785
192
786
193
785
192
786
193
785
192
786
193
785
192
786
193
785
192
786
193
785
192
786
193
785
192
786
193
785
192
786
193
785
192
786
193
785
192
786
193
785
192
786
193
785
192
786
193
785
192
786
193
785
192
786
193
785
192
786
193
785
192
786
193
785
192
786
193
785
192
786
193
785
192
786
193
785
192
786
193
785
192
786
193
785
192
786
193
785
192
786
193
785
192
786
193
785
192
786
193
785
192
786
193
785
192
786
193
785
192
786
193
785
192
786
193
785
192
786
193
785
192
786
193
785
192
786
193
785
192
786
193
785
192
786
193
785
192
786
193
785
192
786
193
785
192
786
193
785
192
786
193
785
192
786
193
785
192
786
193
785
192
786
193
785
192
786
193
785
192
786
193
785
192
786
193
785
192
786
193
785
192
786
193
785
192
786
193
785
192
786
193
785
192
786
193
785
192
786
193
785
192
786
193
785
192
786
193
785
192
786
193
785
192
786
193
785
192
786
193
785
192
786
193
785
192
786
193
785
192
786
193
785
192
786
193
785
192
786
193
785
192
786
193
785
192
786
193
785
192
786
193
785
192
786
193
785
192
786
193
785
192
786
193
785
192
786
193
785
192
786
193
785
192
786
193
785
192
786
193
785
192
786
193
785
192
786
193
785
192
786
193
785
192
786
193
785
192
786
193
785
192
786
193
785
192
786
193
785
192
786
193
785
192
786
193
785
192
786
193
785
192
786
193
785
192
786
193
785
192
786
193
785
192
786
193
785
192
786
193
785
192
786
193
785
192
786
193
