2000
411
23
432
49
409
24
430
51
408
27
392
53
406
28
429
1
536
942
515
911
454
950
512
984
505
961
472
908
517
940
537
1001
433
22
442
1
418
23
441
46
379
704
279
635
297
654
333
677
347
654
318
725
276
637
262
712
294
744
275
727
262
621
302
634
335
651
351
669
328
711
296
680
332
708
378
54
404
32
531
908
455
944
513
915
592
908
527
3
504
986
495
948
484
995
492
890
520
938
540
907
593
189
791
224
623
930
526
910
516
941
485
987
372
55
391
32
385
702
281
737
287
688
369
56
403
80
390
56
361
696
301
642
938
465
992
443
20
503
917
468
946
448
17
444
951
510
979
479
863
179
805
166
778
253
622
227
790
257
713
293
735
236
748
271
618
303
611
911
505
871
477
1002
468
13
450
944
508
869
478
1000
434
21
413
48
439
895
519
939
538
908
587
192
764
175
796
223
792
181
810
161
783
255
717
237
930
245
760
200
839
180
751
235
790
191
827
157
799
184
750
268
620
288
681
374
54
428
29
405
732
272
745
229
782
258
767
211
768
256
714
366
689
286
828
153
811
117
845
147
830
123
577
893
456
920
602
304
617
321
712
377
984
509
958
473
882
521
927
248
747
359
57
368
694
346
968
490
4
414
15
445
949
668
353
57
425
40
502
876
474
966
352
59
553
904
542
888
580
18
494
39
500
943
514
64
548
906
595
182
791
252
926
532
2
469
3
470
1001
460
1000
462
918
606
202
804
232
790
154
816
126
840
152
829
188
770
215
931
227
916
507
970
328
646
295
658
953
666
358
706
345
670
948
674
349
75
567
986
498
886
543
937
226
791
134
583
908
458
953
453
997
435
20
393
52
407
748
192
787
246
757
174
814
160
752
179
761
249
759
248
629
281
723
277
636
334
969
479
16
497
891
441
954
656
301
60
348
88
563
924
253
807
170
592
263
776
221
799
203
600
307
609
921
266
795
188
777
185
776
184
775
216
774
176
864
140
821
164
780
222
918
610
193
786
192
789
196
788
194
787
262
693
372
32
399
56
384
3
415
42
422
993
453
937
550
905
487
873
475
50
488
996
534
85
363
700
239
927
460
919
626
282
50
555
903
575
53
586
205
798
249
760
248
949
660
294
604
258
804
187
766
173
768
214
769
176
770
255
798
233
784
190
783
210
809
270
803
262
772
261
771
260
940
641
888
551
936
525
986
362
684
221
948
467
2
466
1
169
755
247
781
219
777
220
776
218
770
217
769
242
788
287
628
252
780
226
738
276
939
448
894
496
931
619
298
716
194
746
207
745
209
750
195
745
196
744
195
745
196
744
195
745
196
744
195
745
196
744
195
745
196
744
195
745
196
744
195
745
196
744
195
745
196
744
195
745
196
744
195
745
196
744
195
745
196
744
195
745
196
744
195
745
196
744
195
745
196
744
195
745
196
744
195
745
196
744
195
745
196
744
195
745
196
744
195
745
196
744
195
745
196
744
195
745
196
744
195
745
196
744
195
745
196
744
195
745
196
744
195
745
196
744
195
745
196
744
195
745
196
744
195
745
196
744
195
745
196
744
195
745
196
744
195
745
196
744
195
745
196
744
195
745
196
744
195
745
196
744
195
745
196
744
195
745
196
744
195
745
196
744
195
745
196
744
195
745
196
744
195
745
196
744
195
745
196
744
195
745
196
744
195
745
196
744
195
745
196
744
195
745
196
744
195
745
196
744
195
745
196
744
195
745
196
744
195
745
196
744
195
745
196
744
195
745
196
744
195
745
196
744
195
745
196
744
195
745
196
744
195
745
196
744
195
745
196
744
195
745
196
744
195
745
196
744
195
745
196
744
195
745
196
744
195
745
196
744
195
745
196
744
195
745
196
744
195
745
196
744
195
745
196
744
195
745
196
744
195
745
196
744
195
745
196
744
195
745
196
744
195
745
196
744
195
745
196
744
195
745
196
744
195
745
196
744
195
745
196
744
195
745
196
744
195
745
196
744
195
745
196
744
195
745
196
744
195
745
196
744
195
745
196
744
195
745
196
744
195
745
196
744
195
745
196
744
195
745
196
744
195
745
196
744
195
745
196
744
195
745
196
744
195
745
196
744
195
745
196
744
195
745
196
744
195
745
196
744
195
745
196
744
195
745
196
744
195
745
196
744
195
745
196
744
195
745
196
744
195
745
196
744
195
745
196
744
195
745
196
744
195
745
196
744
195
745
196
744
195
745
196
744
195
745
196
744
195
745
196
744
195
745
196
744
195
745
196
744
195
745
196
744
195
745
196
744
195
745
196
744
195
745
196
744
195
745
196
744
195
745
196
744
195
745
196
744
195
745
196
744
195
745
196
744
195
745
196
744
195
745
196
744
195
745
196
744
195
745
196
744
195
745
196
744
195
745
196
744
195
745
196
744
195
745
196
744
195
745
196
744
195
745
196
744
195
745
196
744
195
745
196
744
195
745
196
744
195
745
196
744
195
745
196
744
195
745
196
744
195
745
196
744
195
745
196
744
195
745
196
744
195
745
196
744
195
745
196
744
195
745
196
744
195
745
196
744
195
745
196
744
195
745
196
744
195
745
196
744
195
745
196
744
195
745
196
744
195
745
196
744
195
745
196
744
195
745
196
744
195
745
196
744
195
745
196
744
195
745
196
744
195
745
196
744
195
745
196
744
195
745
196
744
195
745
196
744
195
745
196
744
195
745
196
744
195
745
196
744
195
745
196
744
195
745
196
744
195
745
196
744
195
745
196
744
195
745
196
744
195
745
196
744
195
745
196
744
195
745
196
744
195
745
196
744
195
745
196
744
195
745
196
744
195
745
196
744
195
745
196
744
195
745
196
744
195
745
196
744
195
745
196
744
195
745
196
744
195
745
196
744
195
745
196
744
195
745
196
744
195
745
196
744
195
745
196
744
195
745
196
744
195
745
196
744
195
745
196
744
195
745
196
744
195
745
196
744
195
745
196
744
195
745
196
744
195
745
196
744
195
745
196
744
195
745
196
744
195
745
196
744
195
745
196
744
195
745
196
744
195
745
196
744
195
745
196
744
195
745
196
744
195
745
196
744
195
745
196
744
195
745
196
744
195
745
196
744
195
745
196
744
195
745
196
744
195
745
196
744
195
745
196
744
195
745
196
744
195
745
196
744
195
745
196
744
195
745
196
744
195
745
196
744
195
745
196
744
195
745
196
744
195
745
196
744
195
745
196
744
195
745
196
744
195
745
196
744
195
745
196
744
195
745
196
744
195
745
196
744
195
745
196
744
195
745
196
744
195
745
196
744
195
745
196
744
195
745
196
744
195
745
196
744
195
745
196
744
195
745
196
744
195
745
196
744
195
745
196
744
195
745
196
744
195
745
196
744
195
745
196
744
195
745
196
744
195
745
196
744
195
745
196
744
195
745
196
744
195
745
196
744
195
745
196
744
195
745
196
744
195
745
196
744
195
745
196
744
195
745
196
744
195
745
196
744
195
745
196
744
195
745
196
744
195
745
196
744
195
745
196
744
195
745
196
744
195
745
196
744
195
745
196
744
195
745
196
744
195
745
196
744
195
745
196
744
195
745
196
744
195
745
196
744
195
745
196
744
195
745
196
744
195
745
196
744
195
745
196
744
195
745
196
744
195
745
196
744
195
745
196
744
195
745
196
744
195
745
196
744
195
745
196
744
195
745
196
744
195
745
196
744
195
745
196
744
195
745
196
744
195
745
196
744
195
745
196
744
195
745
196
744
195
745
196
744
195
745
196
744
195
745
196
744
195
745
196
744
195
745
196
744
195
745
196
744
195
745
196
744
195
745
196
744
195
745
196
744
195
745
196
744
195
745
196
744
195
745
196
744
195
745
196
744
195
745
196
744
195
745
196
744
195
745
196
744
195
745
196
744
195
745
196
744
195
745
196
744
195
745
196
744
195
745
196
744
195
745
196
744
195
745
196
744
195
745
196
744
195
745
196
744
195
745
196
744
195
745
196
744
195
745
196
744
195
745
196
744
195
745
196
744
195
745
196
744
195
745
196
744
195
745
196
744
195
745
196
744
195
745
196
744
195
745
196
744
195
745
196
744
195
745
196
744
195
745
196
744
195
745
196
744
195
745
196
744
195
745
196
744
195
745
196
744
195
745
196
744
195
745
196
744
195
745
196
744
195
745
196
744
195
745
196
744
195
745
196
744
195
745
196
744
195
745
196
744
195
745
196
744
195
745
196
744
195
745
196
744
195
745
196
744
195
745
196
744
195
745
196
744
195
745
196
744
195
745
196
744
195
745
196
744
195
745
196
744
195
745
196
744
195
745
196
744
195
745
196
744
195
745
196
744
195
745
196
744
195
745
196
744
195
745
196
744
195
745
196
744
195
745
196
744
195
745
196
744
195
745
196
744
195
745
196
744
195
745
196
744
195
745
196
744
195
745
196
744
195
745
196
744
195
745
196
744
195
745
196
744
195
745
196
744
195
745
196
744
195
745
196
744
195
745
196
744
195
745
196
744
195
745
196
744
195
745
196
744
195
745
196
744
195
745
196
744
195
745
