2000
411
2
412
1
410
2
413
1
409
2
414
3
413
4
414
1
408
2
407
1
406
2
416
3
411
4
416
1
405
2
417
1
404
2
418
3
419
5
418
1
403
2
419
6
423
5
422
4
420
3
421
11
423
4
409
5
420
11
427
6
425
5
424
4
425
11
429
6
428
11
430
7
428
5
426
4
427
7
425
3
426
8
431
11
432
8
425
2
426
10
432
7
431
5
416
7
433
10
434
8
423
1
424
9
435
8
422
11
437
10
436
8
416
9
437
12
434
6
435
19
437
8
414
9
438
19
434
5
411
8
438
20
437
7
438
13
437
6
408
11
418
12
440
11
439
8
440
19
432
4
433
13
430
3
431
19
430
2
431
20
430
1
419
19
441
13
428
19
442
11
441
9
442
14
439
6
440
21
437
14
434
3
435
21
434
2
435
17
439
5
440
17
442
8
409
9
413
19
443
17
434
1
435
18
425
19
424
20
428
21
425
14
443
13
416
17
418
19
444
17
414
13
444
12
411
13
409
17
413
18
445
17
411
18
409
19
416
20
414
16
442
7
443
15
445
14
406
3
438
22
437
2
438
24
445
13
415
1
436
24
434
22
432
24
431
22
428
24
446
22
425
24
423
23
418
24
417
1004
432
25
430
1003
431
27
434
1004
435
27
442
5
443
27
445
12
405
13
446
12
403
3
441
26
447
24
416
25
414
26
423
27
422
1002
428
1001
429
28
428
1000
429
30
439
1
440
30
445
7
446
30
437
1003
438
29
423
30
422
999
423
998
424
997
425
31
424
996
425
32
423
995
424
34
447
21
409
22
408
994
420
31
448
29
416
30
414
31
413
33
448
28
409
29
408
30
406
21
448
20
405
21
403
13
448
12
402
13
401
994
421
32
449
27
406
28
405
29
450
28
403
23
450
22
402
23
400
994
422
33
451
32
414
992
416
993
420
34
419
992
420
35
418
991
419
36
418
990
419
37
418
989
419
40
451
31
406
988
414
36
413
987
414
37
452
40
450
21
451
20
400
1
441
40
440
1004
441
38
437
1001
438
40
437
1000
438
39
427
993
428
40
425
991
426
41
425
990
426
42
425
989
426
43
425
988
399
989
427
44
453
43
423
987
424
44
423
49
425
987
398
988
427
49
430
991
431
49
434
994
435
49
439
1000
440
999
441
49
442
1001
443
49
445
1
446
1004
447
45
445
1002
446
49
447
1003
448
49
451
19
452
18
400
4
450
3
451
2
399
4
452
3
398
991
432
990
433
45
454
40
416
986
420
44
455
42
414
985
416
44
415
984
416
48
439
995
440
48
442
997
443
50
442
996
443
46
442
995
443
47
418
984
419
48
418
49
417
983
418
50
417
982
418
51
416
981
417
54
455
41
409
980
413
49
456
42
409
979
410
45
409
46
408
47
457
42
406
43
405
44
403
37
457
36
402
37
400
24
456
23
399
24
457
23
398
7
454
6
455
5
456
4
396
987
429
986
430
52
458
37
459
36
460
35
400
38
461
37
399
38
462
37
398
38
463
37
396
979
411
49
464
48
408
49
406
978
407
50
406
977
407
51
406
53
464
47
400
978
410
53
429
985
430
54
425
983
426
55
465
54
412
979
414
978
415
977
397
976
409
975
410
54
409
974
395
987
433
986
434
56
432
984
433
57
432
983
433
58
432
982
394
987
437
986
438
985
439
59
438
984
392
987
441
986
442
60
439
984
440
61
439
983
440
63
446
991
447
990
448
989
395
994
451
993
452
64
458
12
459
11
460
10
461
9
462
8
395
9
463
8
394
9
464
8
392
988
447
63
448
988
393
1
460
1004
461
1002
462
62
460
999
392
1
391
979
428
62
456
995
390
996
389
979
429
62
454
63
466
32
467
31
396
973
406
54
468
53
469
50
470
49
402
972
403
51
471
50
402
971
403
52
472
51
402
52
400
972
407
971
408
55
473
54
403
970
405
55
403
969
404
56
403
57
474
56
402
968
403
58
475
57
402
58
400
53
475
52
399
967
398
49
475
48
396
972
413
973
417
61
476
59
477
58
401
967
396
39
473
38
474
37
475
36
476
35
395
36
477
35
394
36
392
19
472
17
473
16
474
15
475
14
476
13
391
15
477
14
390
5
470
4
389
5
471
65
470
3
387
979
432
978
433
63
478
22
479
21
391
22
480
21
390
22
389
9
475
8
387
987
448
986
388
1
469
66
480
20
481
19
387
9
386
979
436
64
482
42
483
41
484
40
485
39
392
965
394
966
398
965
399
57
486
53
487
52
396
964
397
54
488
53
396
54
489
53
395
54
490
53
394
54
491
53
392
44
489
43
490
42
491
41
391
42
492
41
390
42
493
41
389
42
494
41
387
22
486
25
488
27
489
26
490
25
491
67
488
21
489
19
386
967
405
60
495
59
496
58
497
57
398
964
399
58
498
57
396
58
499
57
395
963
396
59
500
58
395
59
394
962
385
979
437
65
501
64
425
974
426
973
427
65
426
972
427
66
426
971
427
970
428
67
427
969
428
68
427
968
384
979
441
978
442
976
440
974
441
973
383
987
384
989
383
990
382
979
444
976
381
987
380
979
379
987
378
979
377
987
376
979
375
987
374
979
373
987
372
979
371
980
380
973
382
992
380
995
379
973
381
1
384
5
380
972
438
971
439
69
431
968
432
967
430
966
431
71
501
63
403
964
423
68
502
70
490
21
381
963
418
962
419
68
418
961
419
70
449
72
502
67
414
960
415
68
414
69
503
73
487
16
380
17
489
74
486
75
485
76
484
77
482
78
481
79
480
80
479
81
478
82
477
84
478
83
471
84
470
85
503
68
411
959
409
958
410
68
409
69
408
959
413
71
411
958
412
72
411
73
504
84
469
85
491
86
489
87
503
67
504
66
400
957
408
72
505
71
406
956
407
72
406
73
506
72
405
73
403
955
402
70
506
69
400
954
401
71
507
70
400
71
508
70
399
953
400
72
509
71
399
72
398
73
510
72
396
955
405
954
406
75
511
74
400
952
401
75
512
74
399
952
383
959
417
958
418
79
513
78
411
955
412
79
411
954
412
80
514
79
409
953
410
80
409
81
515
80
406
952
407
81
406
951
407
82
516
81
405
950
406
82
517
81
403
949
400
948
401
79
517
78
399
947
400
79
518
78
398
79
519
78
396
946
395
72
517
70
518
69
519
68
392
946
397
79
520
78
521
77
395
945
396
79
395
80
522
84
428
963
429
962
430
961
431
960
432
85
523
84
416
953
417
952
416
951
417
950
418
85
416
949
417
948
418
947
419
86
522
79
523
78
394
944
403
945
409
944
410
85
524
84
405
943
406
942
407
85
525
88
515
61
516
60
517
59
519
62
520
61
521
60
387
941
403
84
525
83
526
82
398
940
399
83
527
82
396
939
397
83
528
82
529
81
395
940
401
939
402
85
530
84
399
938
398
84
397
938
396
937
397
722
275
723
276
724
277
725
278
724
275
721
274
722
273
720
272
721
271
719
270
720
274
724
273
719
268
718
270
721
276
725
275
720
269
721
277
726
276
720
268
717
269
722
278
727
279
724
272
718
273
725
272
717
267
718
274
726
273
717
264
716
267
719
276
727
275
718
264
714
267
720
278
728
286
729
279
723
269
716
270
724
280
723
268
715
270
725
281
730
286
731
287
730
278
719
264
713
263
714
268
724
282
731
281
721
267
722
266
713
265
722
264
712
265
723
283
732
284
731
280
720
263
721
282
732
286
733
284
730
285
724
266
712
262
713
269
726
268
712
269
727
287
726
288
735
289
733
283
734
282
735
281
719
262
720
261
711
262
710
263
709
260
710
266
725
265
709
266
726
289
736
288
737
287
738
290
737
284
738
291
737
295
738
293
737
292
732
293
731
294
738
283
719
260
720
259
708
260
721
286
739
285
740
284
719
258
707
259
706
260
722
289
742
290
741
286
742
296
741
284
718
257
719
286
743
303
744
293
726
264
707
265
727
294
726
263
706
264
727
295
746
293
745
290
721
257
705
258
722
257
704
258
723
257
703
256
709
270
734
296
733
297
732
266
706
267
733
302
736
303
746
292
722
256
723
294
747
303
735
298
734
268
706
255
709
273
737
272
708
273
738
302
739
275
709
276
740
302
741
278
710
255
711
280
742
299
741
277
709
278
742
302
743
280
710
254
711
282
744
302
746
289
747
288
715
254
716
290
748
302
749
297
727
298
726
258
703
259
727
299
726
257
702
258
727
300
750
297
723
255
724
298
751
297
722
254
723
299
752
302
729
260
702
261
730
301
725
255
700
254
724
301
753
300
723
301
754
304
753
299
721
300
754
305
753
298
719
253
720
300
719
301
755
304
745
282
710
252
700
256
726
302
725
254
701
259
729
258
700
259
730
303
729
304
728
256
699
257
729
305
728
255
698
256
729
307
754
306
737
307
736
266
737
308
736
264
701
265
737
264
700
265
699
266
698
267
697
268
696
251
699
274
743
273
698
274
744
309
755
300
718
252
719
302
756
301
717
302
757
310
754
294
710
251
711
239
710
238
706
237
702
