4000
390
16
412
41
432
29
389
42
410
59
383
44
431
30
412
9
432
20
389
58
430
49
379
61
409
44
387
59
425
971
560
886
571
895
447
989
515
936
534
956
472
2
433
28
497
999
434
991
533
958
503
980
454
988
500
882
574
987
523
905
585
878
575
22
529
923
614
265
626
252
788
159
828
171
787
260
619
922
535
954
540
920
601
909
607
268
699
377
63
408
76
377
70
355
680
364
79
376
104
503
998
446
898
517
988
493
51
427
31
411
58
474
955
506
997
391
9
502
959
470
986
534
966
464
937
514
924
527
969
463
59
380
47
494
32
410
990
453
28
500
15
432
4
415
29
485
1
434
888
559
915
606
273
697
354
95
407
78
366
674
943
466
960
461
981
524
930
507
973
556
918
541
952
479
862
586
901
570
914
561
883
572
894
525
925
657
317
647
324
56
412
21
419
762
187
815
155
842
138
799
162
833
151
804
181
766
198
784
215
608
904
611
214
785
209
901
617
235
607
220
597
915
542
67
378
62
335
655
926
205
777
232
620
855
179
798
163
767
189
744
404
64
333
662
951
553
920
536
904
566
91
360
80
375
86
499
82
402
33
388
43
384
1
444
991
393
732
400
742
293
51
490
54
487
887
440
4
492
48
382
60
339
685
946
673
962
465
48
307
647
939
512
950
637
937
480
860
174
771
132
374
87
363
683
957
471
865
178
372
106
351
72
376
77
498
19
416
3
500
92
357
670
949
697
913
594
224
925
503
5
413
55
290
623
852
169
838
153
807
142
789
403
79
365
679
941
644
325
646
940
511
892
448
986
417
1001
438
1002
493
41
396
13
444
884
542
879
550
56
283
45
382
6
491
50
552
975
525
970
478
866
168
841
626
920
621
853
141
810
114
350
207
929
201
894
498
94
563
913
194
896
200
788
143
775
126
817
144
783
129
819
627
780
155
831
170
373
89
499
73
559
902
199
371
186
877
485
868
177
850
161
836
612
925
215
915
602
908
584
917
212
905
494
29
413
52
316
665
952
696
967
533
949
690
943
677
933
199
930
246
927
519
32
398
12
488
873
184
350
73
381
704
948
667
959
109
498
101
353
202
889
499
70
562
901
568
71
571
93
557
64
331
209
604
911
215
898
496
51
904
595
236
946
467
936
522
82
375
3
383
722
394
35
423
23
416
763
633
944
241
921
615
796
131
772
428
30
246
616
920
642
953
661
344
67
493
895
495
899
454
890
487
957
264
37
389
719
933
509
1004
163
374
695
970
125
820
614
223
913
592
225
923
229
947
654
942
90
372
219
896
497
7
859
483
882
518
952
715
989
120
789
623
919
196
333
642
784
624
848
175
862
144
770
630
776
118
821
613
923
242
591
914
599
215
601
786
147
809
426
40
273
58
384
67
338
654
945
524
910
501
81
363
191
885
513
938
671
355
179
364
992
392
79
932
510
16
380
76
934
638
949
692
973
682
944
475
870
12
485
5
888
439
876
117
962
473
576
397
740
396
33
256
783
401
66
313
52
294
48
281
44
907
499
916
38
494
45
299
51
422
16
385
1000
720
398
782
399
721
931
237
923
234
589
215
327
73
557
89
926
211
904
580
98
950
768
115
993
386
49
905
496
95
583
394
739
400
1004
388
989
394
728
911
488
54
556
64
922
210
347
672
760
643
948
518
930
80
359
199
32
431
773
127
968
532
951
664
781
255
38
270
961
659
328
68
342
213
61
306
197
891
498
71
323
222
586
205
906
592
186
864
481
886
436
893
195
936
648
928
651
942
460
80
369
190
884
709
950
636
801
150
839
130
793
259
35
420
768
942
244
925
229
913
235
619
786
257
943
74
497
78
387
38
267
48
286
53
464
947
531
905
578
458
938
644
944
454
896
445
32
425
812
422
84
375
78
361
206
901
486
900
493
906
588
448
881
428
809
603
798
612
226
910
504
915
230
610
922
220
919
239
25
908
224
934
650
936
457
886
438
32
900
494
54
508
920
491
900
492
922
773
121
788
616
794
405
741
954
702
977
691
370
180
854
136
791
446
829
158
846
453
887
442
828
438
81
364
671
945
632
950
658
347
669
952
756
946
258
954
105
765
631
924
193
910
39
419
66
336
74
427
823
166
844
137
780
254
32
430
51
545
56
542
59
300
226
611
918
619
771
117
974
104
998
392
734
395
733
393
27
428
67
346
660
953
710
936
255
957
534
915
598
222
596
916
248
31
374
63
330
211
71
383
83
927
649
753
955
645
950
708
954
200
61
305
63
308
54
296
63
936
780
119
957
709
370
81
368
196
890
27
434
21
235
321
60
562
409
76
355
207
79
404
779
253
923
609
799
947
106
982
725
637
761
943
523
940
687
943
477
880
183
869
17
436
83
377
57
551
68
602
224
601
915
506
904
582
451
843
172
14
874
185
42
276
46
918
528
56
296
58
293
57
506
903
209
344
662
346
673
754
925
255
784
629
878
181
866
987
898
207
781
408
39
427
806
156
816
629
942
680
955
254
922
650
932
635
941
95
985
717
983
721
982
708
637
932
644
921
194
914
219
913
218
912
516
574
413
587
402
581
904
496
914
74
353
194
902
193
900
493
899
192
885
189
766
414
39
422
75
377
998
384
41
265
36
429
780
406
78
360
669
939
662
935
637
894
484
888
489
883
633
781
433
774
948
689
346
653
344
669
936
473
860
174
58
907
215
603
912
217
902
195
73
349
224
914
219
913
218
912
214
914
219
913
218
912
213
905
66
399
82
366
203
893
492
890
482
887
448
561
82
384
85
373
998
903
574
77
440
65
434
88
925
635
936
649
923
248
26
206
910
50
282
39
269
56
916
219
913
218
912
605
71
346
676
956
755
931
539
414
43
410
74
572
75
571
74
572
75
571
74
572
75
571
74
572
75
571
74
572
75
571
74
572
75
571
74
572
75
571
74
572
75
571
74
572
75
571
74
572
75
571
74
572
75
571
74
572
75
571
74
572
75
571
74
572
75
571
74
572
75
571
74
572
75
571
74
572
75
571
74
572
75
571
74
572
75
571
74
572
75
571
74
572
75
571
74
572
75
571
74
572
75
571
74
572
75
571
74
572
75
571
74
572
75
571
74
572
75
571
74
572
75
571
74
572
75
571
74
572
75
571
74
572
75
571
74
572
75
571
74
572
75
571
74
572
75
571
74
572
75
571
74
572
75
571
74
572
75
571
74
572
75
571
74
572
75
571
74
572
75
571
74
572
75
571
74
572
75
571
74
572
75
571
74
572
75
571
74
572
75
571
74
572
75
571
74
572
75
571
74
572
75
571
74
572
75
571
74
572
75
571
74
572
75
571
74
572
75
571
74
572
75
571
74
572
75
571
74
572
75
571
74
572
75
571
74
572
75
571
74
572
75
571
74
572
75
571
74
572
75
571
74
572
75
571
74
572
75
571
74
572
75
571
74
572
75
571
74
572
75
571
74
572
75
571
74
572
75
571
74
572
75
571
74
572
75
571
74
572
75
571
74
572
75
571
74
572
75
571
74
572
75
571
74
572
75
571
74
572
75
571
74
572
75
571
74
572
75
571
74
572
75
571
74
572
75
571
74
572
75
571
74
572
75
571
74
572
75
571
74
572
75
571
74
572
75
571
74
572
75
571
74
572
75
571
74
572
75
571
74
572
75
571
74
572
75
571
74
572
75
571
74
572
75
571
74
572
75
571
74
572
75
571
74
572
75
571
74
572
75
571
74
572
75
571
74
572
75
571
74
572
75
571
74
572
75
571
74
572
75
571
74
572
75
571
74
572
75
571
74
572
75
571
74
572
75
571
74
572
75
571
74
572
75
571
74
572
75
571
74
572
75
571
74
572
75
571
74
572
75
571
74
572
75
571
74
572
75
571
74
572
75
571
74
572
75
571
74
572
75
571
74
572
75
571
74
572
75
571
74
572
75
571
74
572
75
571
74
572
75
571
74
572
75
571
74
572
75
571
74
572
75
571
74
572
75
571
74
572
75
571
74
572
75
571
74
572
75
571
74
572
75
571
74
572
75
571
74
572
75
571
74
572
75
571
74
572
75
571
74
572
75
571
74
572
75
571
74
572
75
571
74
572
75
571
74
572
75
571
74
572
75
571
74
572
75
571
74
572
75
571
74
572
75
571
74
572
75
571
74
572
75
571
74
572
75
571
74
572
75
571
74
572
75
571
74
572
75
571
74
572
75
571
74
572
75
571
74
572
75
571
74
572
75
571
74
572
75
571
74
572
75
571
74
572
75
571
74
572
75
571
74
572
75
571
74
572
75
571
74
572
75
571
74
572
75
571
74
572
75
571
74
572
75
571
74
572
75
571
74
572
75
571
74
572
75
571
74
572
75
571
74
572
75
571
74
572
75
571
74
572
75
571
74
572
75
571
74
572
75
571
74
572
75
571
74
572
75
571
74
572
75
571
74
572
75
571
74
572
75
571
74
572
75
571
74
572
75
571
74
572
75
571
74
572
75
571
74
572
75
571
74
572
75
571
74
572
75
571
74
572
75
571
74
572
75
571
74
572
75
571
74
572
75
571
74
572
75
571
74
572
75
571
74
572
75
571
74
572
75
571
74
572
75
571
74
572
75
571
74
572
75
571
74
572
75
571
74
572
75
571
74
572
75
571
74
572
75
571
74
572
75
571
74
572
75
571
74
572
75
571
74
572
75
571
74
572
75
571
74
572
75
571
74
572
75
571
74
572
75
571
74
572
75
571
74
572
75
571
74
572
75
571
74
572
75
571
74
572
75
571
74
572
75
571
74
572
75
571
74
572
75
571
74
572
75
571
74
572
75
571
74
572
75
571
74
572
75
571
74
572
75
571
74
572
75
571
74
572
75
571
74
572
75
571
74
572
75
571
74
572
75
571
74
572
75
571
74
572
75
571
74
572
75
571
74
572
75
571
74
572
75
571
74
572
75
571
74
572
75
571
74
572
75
571
74
572
75
571
74
572
75
571
74
572
75
571
74
572
75
571
74
572
75
571
74
572
75
571
74
572
75
571
74
572
75
571
74
572
75
571
74
572
75
571
74
572
75
571
74
572
75
571
74
572
75
571
74
572
75
571
74
572
75
571
74
572
75
571
74
572
75
571
74
572
75
571
74
572
75
571
74
572
75
571
74
572
75
571
74
572
75
571
74
572
75
571
74
572
75
571
74
572
75
571
74
572
75
571
74
572
75
571
74
572
75
571
74
572
75
571
74
572
75
571
74
572
75
571
74
572
75
571
74
572
75
571
74
572
75
571
74
572
75
571
74
572
75
571
74
572
75
571
74
572
75
571
74
572
75
571
74
572
75
571
74
572
75
571
74
572
75
571
74
572
75
571
74
572
75
571
74
572
75
571
74
572
75
571
74
572
75
571
74
572
75
571
74
572
75
571
74
572
75
571
74
572
75
571
74
572
75
571
74
572
75
571
74
572
75
571
74
572
75
571
74
572
75
571
74
572
75
571
74
572
75
571
74
572
75
571
74
572
75
571
74
572
75
571
74
572
75
571
74
572
75
571
74
572
75
571
74
572
75
571
74
572
75
571
74
572
75
571
74
572
75
571
74
572
75
571
74
572
75
571
74
572
75
571
74
572
75
571
74
572
75
571
74
572
75
571
74
572
75
571
74
572
75
571
74
572
75
571
74
572
75
571
74
572
75
571
74
572
75
571
74
572
75
571
74
572
75
571
74
572
75
571
74
572
75
571
74
572
75
571
74
572
75
571
74
572
75
571
74
572
75
571
74
572
75
571
74
572
75
571
74
572
75
571
74
572
75
571
74
572
75
571
74
572
75
571
74
572
75
571
74
572
75
571
74
572
75
571
74
572
75
571
74
572
75
571
74
572
75
571
74
572
75
571
74
572
75
571
74
572
75
571
74
572
75
571
74
572
75
571
74
572
75
571
74
572
75
571
74
572
75
571
74
572
75
571
74
572
75
571
74
572
75
571
74
572
75
571
74
572
75
571
74
572
75
571
74
572
75
571
74
572
75
571
74
572
75
571
74
572
75
571
74
572
75
571
74
572
75
571
74
572
75
571
74
572
75
571
74
572
75
571
74
572
75
571
74
572
75
571
74
572
75
571
74
572
75
571
74
572
75
571
74
572
75
571
74
572
75
571
74
572
75
571
74
572
75
571
74
572
75
571
74
572
75
571
74
572
75
571
74
572
75
571
74
572
75
571
74
572
75
571
74
572
75
571
74
572
75
571
74
572
75
571
74
572
75
571
74
572
75
571
74
572
75
571
74
572
75
571
74
572
75
571
74
572
75
571
74
572
75
571
74
572
75
571
74
572
75
571
74
572
75
571
74
572
75
571
74
572
75
571
74
572
75
571
74
572
75
571
74
572
75
571
74
572
75
571
74
572
75
571
74
572
75
571
74
572
75
571
74
572
75
571
74
572
75
571
74
572
75
571
74
572
75
571
74
572
75
571
74
572
75
571
74
572
75
571
74
572
75
571
74
572
75
571
74
572
75
571
74
572
75
571
74
572
75
571
74
572
75
571
74
572
75
571
74
572
75
571
74
572
75
571
74
572
75
571
74
572
75
571
74
572
75
571
74
572
75
571
74
572
75
571
74
572
75
571
74
572
75
571
74
572
75
571
74
572
75
571
74
572
75
571
74
572
75
571
74
572
75
571
74
572
75
571
74
572
75
571
74
572
75
571
74
572
75
571
74
572
75
571
74
572
75
571
74
572
75
571
74
572
75
571
74
572
75
571
74
572
75
571
74
572
75
571
74
572
75
571
74
572
75
571
74
572
75
571
74
572
75
571
74
572
75
571
74
572
75
571
74
572
75
571
74
572
75
571
74
572
75
571
74
572
75
571
74
572
75
571
74
572
75
571
74
572
75
571
74
572
75
571
74
572
75
571
74
572
75
571
74
572
75
571
74
572
75
571
74
572
75
571
74
572
75
571
74
572
75
571
74
572
75
571
74
572
75
571
74
572
75
571
74
572
75
571
74
572
75
571
74
572
75
571
74
572
75
571
74
572
75
571
74
572
75
571
74
572
75
571
74
572
75
571
74
572
75
571
74
572
75
571
74
572
75
571
74
572
75
571
74
572
75
571
74
572
75
571
74
572
75
571
74
572
75
571
74
572
75
571
74
572
75
571
74
572
75
571
74
572
75
571
74
572
75
571
74
572
75
571
74
572
75
571
74
572
75
571
74
572
75
571
74
572
75
571
74
572
75
571
74
572
75
571
74
572
75
571
74
572
75
571
74
572
75
571
74
572
75
571
74
572
75
571
74
572
75
571
74
572
75
571
74
572
75
571
74
572
75
571
74
572
75
571
74
572
75
571
74
572
75
571
74
572
75
571
74
572
75
571
74
572
75
571
74
572
75
571
74
572
75
571
74
572
75
571
74
572
75
571
74
572
75
571
74
572
75
571
74
572
75
571
74
572
75
571
74
572
75
571
74
572
75
571
74
572
75
571
74
572
75
571
74
572
75
571
74
572
75
571
74
572
75
571
74
572
75
571
74
572
75
571
74
572
75
571
74
572
75
571
74
572
75
571
74
572
75
571
74
572
75
571
74
572
75
571
74
572
75
571
74
572
75
571
74
572
75
571
74
572
75
571
74
572
75
571
74
572
75
571
74
572
75
571
74
572
75
571
74
572
75
571
74
572
75
571
74
572
75
571
74
572
75
571
74
572
75
571
74
572
75
571
74
572
75
571
74
572
75
571
74
572
75
571
74
572
75
571
74
572
75
571
74
572
75
571
74
572
75
571
74
572
75
571
74
572
75
571
74
572
75
571
74
572
75
571
74
572
75
571
74
572
75
571
74
572
75
571
74
572
75
571
74
572
75
571
74
572
75
571
74
572
75
571
74
572
75
571
74
572
75
571
74
572
75
571
74
572
75
571
74
572
75
571
74
572
75
571
74
572
75
571
74
572
75
571
74
572
75
571
74
572
75
571
74
572
75
571
74
572
75
571
74
572
75
571
74
572
75
571
74
572
75
571
74
572
75
571
74
572
75
571
74
572
75
571
74
572
75
571
74
572
75
571
74
572
75
571
74
572
75
571
74
572
75
571
74
572
75
571
74
572
75
571
74
572
75
571
74
572
75
571
74
572
75
571
74
572
75
571
74
572
75
571
74
572
75
571
74
572
75
571
74
572
75
571
74
572
75
571
74
572
75
571
74
572
75
571
74
572
75
571
74
572
75
571
74
572
75
571
74
572
75
571
74
572
75
571
74
572
75
571
74
572
75
571
74
572
75
571
74
572
75
571
74
572
75
571
74
572
75
571
74
572
75
571
74
572
75
571
74
572
75
571
74
572
75
571
74
572
75
571
74
572
75
571
74
572
75
571
74
572
75
571
74
572
75
571
74
572
75
571
74
572
75
571
74
572
75
571
74
572
75
571
74
572
75
571
74
572
75
571
74
572
75
571
74
572
75
571
74
572
75
571
74
572
75
571
74
572
75
571
74
572
75
571
74
572
75
571
74
572
75
571
74
572
75
571
74
572
75
571
74
572
75
571
74
572
75
571
74
572
75
571
74
572
75
571
74
572
75
571
74
572
75
571
74
572
75
571
74
572
75
571
74
572
75
571
74
572
75
571
74
572
75
571
74
572
75
571
74
572
75
571
74
572
75
571
74
572
75
571
74
572
75
571
74
572
75
571
74
572
75
571
74
572
75
571
74
572
75
571
74
572
75
571
74
572
75
571
74
572
75
571
74
572
75
571
74
572
75
571
74
572
75
571
74
572
75
571
74
572
75
571
74
572
75
571
74
572
75
571
74
572
75
571
74
572
75
571
74
572
75
571
74
572
75
571
74
572
75
571
74
572
75
571
74
572
75
571
74
572
75
571
74
572
75
571
74
572
75
571
74
572
75
571
74
572
75
571
74
572
75
571
74
572
75
571
74
572
75
571
74
572
75
571
74
572
75
571
74
572
75
571
74
572
75
571
74
572
75
571
74
572
75
571
74
572
75
571
74
572
75
571
74
572
75
571
74
572
75
571
74
572
75
571
74
572
75
571
74
572
75
571
74
572
75
571
74
572
75
571
74
572
75
