2000
411
23
432
49
409
24
430
51
408
27
532
998
433
20
442
905
516
977
491
939
524
1
515
914
493
974
535
997
434
16
443
992
487
979
565
966
537
935
492
922
601
912
541
934
450
15
472
998
485
12
382
52
406
65
397
52
427
25
421
42
409
35
425
86
405
53
379
704
279
635
259
714
296
632
282
701
380
71
394
88
378
707
246
811
185
772
252
636
276
730
313
628
299
749
266
722
277
705
313
662
332
673
214
785
257
809
186
761
246
788
174
818
184
812
245
760
311
738
275
644
941
468
923
538
964
566
894
506
7
444
15
534
975
492
872
497
911
545
902
584
910
548
971
536
938
475
983
489
978
514
4
460
980
480
14
452
5
459
982
359
681
343
661
334
647
939
448
81
379
72
391
699
303
621
284
629
932
556
886
567
962
553
922
469
1
453
948
527
976
518
913
495
972
537
885
588
901
546
933
248
810
207
776
194
766
176
787
213
610
222
800
231
605
285
738
158
795
235
708
376
82
344
656
349
672
365
53
395
67
335
685
355
653
905
557
931
460
49
443
34
429
25
398
37
418
63
402
736
286
598
186
786
177
825
168
791
160
834
194
606
921
554
889
507
951
659
352
984
467
955
665
321
727
272
645
350
81
390
723
265
782
215
614
920
235
934
245
600
216
774
154
846
200
674
331
962
675
318
666
949
517
3
422
36
406
70
333
961
570
883
483
13
484
994
435
22
440
907
549
970
503
891
647
322
87
332
760
199
605
210
861
493
918
236
623
300
748
409
985
466
1003
526
937
233
799
170
829
157
999
432
32
380
706
253
931
263
633
281
48
413
14
477
945
528
882
573
900
652
360
694
383
51
279
641
942
447
924
621
315
92
279
630
297
654
345
967
562
892
508
888
682
962
690
213
585
169
1
476
927
255
810
147
830
581
128
838
150
5
437
894
497
868
469
983
386
719
269
733
163
778
193
767
134
848
153
2
384
691
364
59
349
986
373
53
420
46
284
614
204
595
287
945
670
329
27
396
730
265
638
945
251
932
451
902
496
876
631
283
623
253
807
189
607
920
612
301
622
922
229
801
251
54
403
740
957
246
946
456
915
238
27
426
34
227
946
668
341
678
965
461
925
709
374
759
953
303
609
230
915
539
949
223
23
192
823
183
10
149
835
996
163
842
198
588
261
802
180
814
153
725
389
77
339
987
369
58
267
637
894
707
977
691
953
657
338
767
429
41
392
717
300
970
317
90
328
747
349
966
330
663
947
283
954
455
943
518
917
444
19
146
41
325
620
256
805
971
353
643
944
232
921
470
866
499
893
642
276
634
879
518
911
445
31
437
903
646
940
654
347
660
949
307
608
208
611
197
769
429
76
930
449
936
276
52
380
703
947
454
950
743
406
735
958
110
323
969
688
352
25
206
586
237
936
247
603
920
473
829
195
597
259
795
939
722
395
702
974
130
11
181
592
217
618
298
98
274
54
226
625
290
601
249
35
423
8
186
584
210
783
254
786
223
99
258
792
964
679
339
86
953
737
401
1000
414
35
400
1
852
483
897
435
776
171
1004
155
752
333
672
943
652
356
980
709
968
274
596
200
603
225
948
522
955
250
934
524
926
521
973
242
627
260
799
981
701
382
713
875
501
940
638
278
64
417
757
968
703
281
961
243
624
292
933
267
93
943
646
892
500
858
989
518
909
441
21
209
589
192
600
169
770
928
472
854
489
863
2
139
27
189
764
167
761
944
664
322
118
973
684
366
689
370
978
322
97
306
986
312
642
323
645
336
955
315
43
308
654
340
676
967
325
31
252
778
178
601
204
785
966
460
843
995
728
398
988
510
887
721
945
681
368
696
970
121
13
198
610
261
112
239
619
927
481
899
38
268
616
228
42
265
622
227
696
962
786
220
114
251
775
203
582
905
579
448
817
980
362
693
946
714
387
718
990
529
944
309
648
290
57
916
520
956
775
881
635
293
742
885
637
944
291
741
950
711
390
718
996
143
51
375
706
984
318
82
255
787
862
708
891
509
912
464
979
105
267
630
241
26
410
747
415
38
218
624
266
813
438
4
385
700
232
980
725
399
732
959
672
947
693
946
658
913
442
905
461
970
372
686
946
661
955
673
945
253
929
450
840
998
869
13
320
68
195
591
237
613
219
101
253
632
270
605
192
592
785
973
772
175
15
412
752
167
755
172
763
855
3
383
35
443
588
214
122
237
32
312
29
317
941
240
967
365
697
947
693
946
304
76
222
25
893
39
264
626
283
70
929
729
396
716
983
803
944
663
326
952
667
358
988
294
49
907
33
299
714
951
653
791
257
794
951
295
609
201
12
166
1
152
212
615
276
77
932
478
830
966
764
888
435
909
444
904
518
581
767
344
662
354
680
951
694
947
695
948
697
266
639
313
984
815
982
846
469
827
973
380
678
930
244
952
704
949
297
638
318
654
311
994
720
387
42
294
629
260
120
973
712
405
723
988
809
266
64
327
108
965
273
640
945
645
292
612
242
50
925
250
981
343
145
229
72
941
649
898
438
583
780
253
949
669
955
664
363
687
371
979
133
252
960
771
874
998
856
495
918
247
992
876
20
443
837
979
818
470
577
451
924
491
918
231
597
221
587
424
584
208
618
936
622
287
708
377
698
269
41
918
239
61
261
804
979
793
258
622
220
784
254
628
263
809
264
987
824
463
921
521
574
471
828
960
705
373
696
383
703
944
636
300
654
346
958
683
369
677
961
663
337
763
964
758
957
317
26
216
20
440
923
37
268
974
361
691
944
634
275
612
211
785
215
693
978
134
216
42
262
599
228
704
789
256
788
954
96
280
53
968
759
330
632
944
641
272
106
254
786
945
658
959
752
590
192
586
763
658
953
666
960
737
945
671
629
261
94
342
984
326
646
315
944
674
960
767
962
321
754
580
200
602
778
970
820
985
488
940
246
989
251
967
308
986
811
960
358
666
351
771
958
90
944
325
93
972
330
665
323
755
339
989
515
908
462
922
508
893
505
988
880
11
865
1002
411
751
666
364
675
355
678
342
650
303
623
224
617
261
631
282
627
289
65
936
301
625
938
622
228
124
208
78
231
377
693
963
316
982
894
511
907
457
564
527
934
27
907
516
905
53
263
636
310
33
288
955
768
610
217
694
381
704
975
699
963
690
357
260
622
285
641
947
669
961
367
685
625
236
979
832
995
845
991
860
6
182
23
230
629
269
444
39
249
33
257
626
742
903
980
848
999
361
656
365
966
823
636
281
68
255
787
604
190
599
274
944
242
995
279
44
266
639
303
9
191
768
635
273
723
953
344
81
930
17
427
33
431
899
651
694
218
30
889
488
577
757
962
681
385
973
783
968
341
650
896
993
158
263
132
984
305
60
913
46
437
10
435
907
453
954
251
5
260
623
296
629
259
632
335
664
944
670
382
697
960
98
949
712
384
976
790
603
210
582
779
625
268
118
194
152
258
604
239
28
918
51
936
9
300
986
109
270
46
932
72
236
582
787
624
264
143
240
38
272
937
248
971
262
590
415
586
768
965
343
73
298
50
285
17
296
993
257
632
261
59
915
246
584
221
600
294
632
280
987
125
974
318
65
953
238
923
250
976
780
968
836
984
316
108
967
759
640
276
702
940
628
806
629
282
451
264
589
773
953
684
365
975
338
9
870
1003
847
763
955
462
548
446
585
227
425
218
444
14
911
516
920
458
544
471
915
513
887
28
907
510
914
56
267
631
277
628
805
627
804
628
805
627
804
628
805
627
804
628
805
627
804
628
805
627
804
628
805
627
804
628
805
627
804
628
805
627
804
628
805
627
804
628
805
627
804
628
805
627
804
628
805
627
804
628
805
627
804
628
805
627
804
628
805
627
804
628
805
627
804
628
805
627
804
628
805
627
804
628
805
627
804
628
805
627
804
628
805
627
804
628
805
627
804
628
805
627
804
628
805
627
804
628
805
627
804
628
805
627
804
628
805
627
804
628
805
627
804
628
805
627
804
628
805
627
804
628
805
627
804
628
805
627
804
628
805
627
804
628
805
627
804
628
805
627
804
628
805
627
804
628
805
627
804
628
805
627
804
628
805
627
804
628
805
627
804
628
805
627
804
628
805
627
804
628
805
627
804
628
805
627
804
628
805
627
804
628
805
627
804
628
805
627
804
628
805
627
804
628
805
627
804
628
805
627
804
628
805
627
804
628
805
627
804
628
805
627
804
628
805
627
804
628
805
627
804
628
805
627
804
628
805
627
804
628
805
627
804
628
805
627
804
628
805
627
804
628
805
627
804
628
805
627
804
628
805
627
804
628
805
627
804
628
805
627
804
628
805
627
804
628
805
627
804
628
805
627
804
628
805
627
804
628
805
627
804
628
805
627
804
628
805
627
804
628
805
627
804
628
805
627
804
628
805
627
804
628
805
627
804
628
805
627
804
628
805
627
804
628
805
627
804
628
805
627
804
628
805
627
804
628
805
627
804
628
805
627
804
628
805
627
804
628
805
627
804
628
805
627
804
628
805
627
804
628
805
627
804
628
805
627
