4000
390
16
385
35
431
51
422
75
430
39
384
60
410
16
396
1004
375
21
389
32
432
24
436
31
396
60
378
68
383
40
428
53
411
12
436
18
542
956
536
928
614
921
603
912
592
894
576
900
582
894
587
998
397
15
440
890
506
932
515
987
449
900
572
982
451
992
398
52
384
66
395
17
535
957
473
72
377
80
365
686
370
82
376
73
352
673
346
71
378
40
422
58
379
67
422
17
444
890
593
910
524
943
532
990
524
921
537
927
519
993
447
1002
402
15
510
988
534
958
468
990
506
960
467
857
174
797
160
836
143
798
157
830
141
804
162
793
258
619
240
621
919
616
264
613
275
698
952
545
872
489
49
412
39
388
34
435
1000
491
48
481
870
597
225
773
145
814
167
844
135
817
153
850
618
263
692
962
682
371
81
364
101
361
81
367
689
352
667
937
662
330
653
341
71
409
2
487
875
502
997
445
887
596
910
589
212
765
197
600
213
769
169
813
151
846
133
808
149
842
166
363
208
793
175
796
257
620
920
627
914
609
265
696
956
509
894
438
78
495
72
373
82
489
1
440
77
408
759
184
786
172
853
155
825
138
854
628
265
37
423
26
501
13
435
32
392
68
381
53
419
75
350
98
365
163
789
173
822
139
774
121
965
532
21
393
994
444
8
425
757
403
737
278
42
387
52
503
910
586
204
897
525
962
685
946
470
72
344
97
340
658
950
674
930
212
904
580
25
505
4
476
55
321
653
944
523
893
199
930
227
928
627
787
617
916
608
825
616
792
259
34
432
37
414
741
291
46
552
917
606
795
406
80
934
462
998
493
880
553
971
548
61
383
203
898
508
959
693
370
1004
443
896
454
981
690
349
99
354
73
372
984
380
206
901
575
922
517
6
398
734
922
65
409
40
271
616
231
926
538
868
490
54
501
911
595
225
593
249
927
527
903
571
919
605
262
607
213
360
102
956
665
937
660
332
95
334
653
785
260
31
500
912
570
910
627
270
625
920
615
834
159
805
126
856
472
950
469
859
482
1002
409
739
919
216
930
516
901
453
885
486
890
495
867
171
802
616
766
179
804
602
264
617
919
623
788
176
756
618
230
927
72
499
56
418
26
436
21
876
478
976
482
887
451
898
213
340
176
771
115
837
131
973
485
873
178
371
995
376
207
936
645
939
521
57
430
36
379
70
941
644
320
647
935
658
781
253
34
386
60
327
216
903
45
284
52
385
6
389
25
394
1002
490
911
599
772
212
370
103
953
699
946
524
1
438
576
452
861
474
942
91
319
640
786
255
32
378
104
376
990
399
702
958
679
940
520
81
369
694
374
5
439
897
505
866
498
1001
377
81
363
101
965
707
371
206
931
251
777
118
966
690
943
758
937
197
900
573
466
49
278
53
508
23
235
357
220
323
60
932
637
926
248
955
511
914
601
795
156
828
626
754
661
344
652
936
463
52
382
66
920
612
825
129
885
560
923
245
26
409
74
494
865
96
562
913
591
218
585
906
582
399
728
941
690
945
518
65
553
888
558
62
556
95
558
917
193
914
507
882
26
388
995
383
723
387
199
902
36
196
943
639
788
200
32
375
690
378
79
971
817
124
963
683
780
119
847
165
37
417
763
922
564
96
565
455
890
200
932
759
958
686
764
620
253
783
120
849
134
34
391
10
379
39
268
961
112
979
704
402
10
374
164
370
690
373
198
768
108
983
904
506
903
486
895
485
891
38
427
578
415
762
419
21
430
768
610
912
606
213
610
795
408
579
888
577
442
890
991
88
939
648
925
247
321
229
338
191
909
505
883
19
871
489
880
129
831
447
886
559
905
502
74
432
884
456
574
427
766
920
243
30
256
788
955
673
930
513
927
759
954
674
939
653
937
59
411
799
142
859
11
413
761
657
940
197
935
82
366
208
909
587
204
67
386
10
916
240
351
75
429
26
194
895
497
894
444
830
128
30
191
890
555
886
550
55
911
210
907
209
347
99
947
744
941
676
348
664
948
803
919
604
227
924
238
24
913
50
491
878
479
564
885
481
886
562
459
926
239
922
227
929
743
933
514
884
470
885
474
888
482
886
484
892
488
50
287
44
274
6
269
40
393
32
400
746
959
779
252
316
645
785
254
32
425
66
419
25
233
368
179
867
7
131
815
152
10
503
881
493
887
486
877
470
823
154
790
403
748
927
633
931
630
927
636
791
405
67
381
70
376
84
372
30
380
989
377
23
292
42
286
48
897
441
793
258
36
900
493
908
584
398
724
939
669
348
666
778
919
242
34
417
752
622
792
933
728
403
726
396
725
394
724
947
704
950
693
756
669
341
666
351
661
954
89
929
74
499
904
500
80
359
215
15
543
48
189
43
289
41
285
432
20
207
31
430
53
300
49
297
48
180
375
84
373
986
97
951
714
953
639
952
108
968
123
818
608
801
635
736
940
687
943
457
555
485
50
924
613
775
151
48
372
1002
375
42
279
428
809
424
814
426
809
431
28
237
919
608
811
417
31
425
568
442
790
611
914
614
758
941
519
944
696
949
714
946
737
864
776
144
11
510
19
229
938
764
613
788
147
71
916
235
614
743
897
55
906
588
397
591
428
814
441
588
909
598
209
595
232
913
66
388
994
373
211
770
914
499
69
863
803
158
47
492
40
273
57
378
34
409
206
585
909
601
201
603
811
161
794
937
86
385
34
422
31
435
771
911
613
781
259
352
660
759
412
785
261
37
378
84
371
997
78
930
797
404
3
393
33
388
86
392
58
908
591
231
584
414
804
613
914
609
910
597
232
585
453
796
906
501
898
44
205
376
85
375
39
194
21
217
22
432
267
41
533
462
896
436
30
222
29
395
730
394
57
384
70
975
90
924
645
766
426
581
908
480
544
44
279
37
281
38
285
42
282
29
878
809
894
445
791
444
301
30
248
41
254
783
430
768
429
30
406
778
655
321
657
948
688
740
919
607
235
589
908
586
234
366
187
371
991
378
179
53
934
679
936
680
935
637
922
74
904
499
901
508
911
63
183
332
198
901
34
245
26
432
784
399
702
958
682
945
94
927
757
953
737
956
715
953
639
954
715
749
935
642
957
790
257
425
59
916
756
957
660
958
717
621
237
620
780
252
359
206
50
887
18
230
38
889
1
374
979
365
83
369
684
372
225
23
925
783
146
51
432
769
626
678
954
716
955
660
786
436
888
6
396
730
397
744
950
710
948
655
949
523
946
653
945
680
972
129
977
918
612
784
431
59
409
749
630
946
653
945
793
449
567
891
569
393
66
398
730
397
86
383
66
934
639
953
638
951
710
952
712
953
639
952
742
939
84
931
755
903
1000
399
730
396
729
395
730
404
729
403
728
401
727
400
726
395
743
398
727
400
726
396
731
397
728
403
729
404
779
626
756
928
246
45
289
40
275
46
246
27
894
41
883
28
209
596
912
594
390
728
399
774
400
728
399
705
765
423
86
403
774
401
729
394
701
392
702
393
701
392
702
393
701
392
702
393
701
392
702
393
701
392
702
393
701
392
702
393
701
392
702
393
701
392
702
393
701
392
702
393
701
392
702
393
701
392
702
393
701
392
702
393
701
392
702
393
701
392
702
393
701
392
702
393
701
392
702
393
701
392
702
393
701
392
702
393
701
392
702
393
701
392
702
393
701
392
702
393
701
392
702
393
701
392
702
393
701
392
702
393
701
392
702
393
701
392
702
393
701
392
702
393
701
392
702
393
701
392
702
393
701
392
702
393
701
392
702
393
701
392
702
393
701
392
702
393
701
392
702
393
701
392
702
393
701
392
702
393
701
392
702
393
701
392
702
393
701
392
702
393
701
392
702
393
701
392
702
393
701
392
702
393
701
392
702
393
701
392
702
393
701
392
702
393
701
392
702
393
701
392
702
393
701
392
702
393
701
392
702
393
701
392
702
393
701
392
702
393
701
392
702
393
701
392
702
393
701
392
702
393
701
392
702
393
701
392
702
393
701
392
702
393
701
392
702
393
701
392
702
393
701
392
702
393
701
392
702
393
701
392
702
393
701
392
702
393
701
392
702
393
701
392
702
393
701
392
702
393
701
392
702
393
701
392
702
393
701
392
702
393
701
392
702
393
701
392
702
393
701
392
702
393
701
392
702
393
701
392
702
393
701
392
702
393
701
392
702
393
701
392
702
393
701
392
702
393
701
392
702
393
701
392
702
393
701
392
702
393
701
392
702
393
701
392
702
393
701
392
702
393
701
392
702
393
701
392
702
393
701
392
702
393
701
392
702
393
701
392
702
393
701
392
702
393
701
392
702
393
701
392
702
393
701
392
702
393
701
392
702
393
701
392
702
393
701
392
702
393
701
392
702
393
701
392
702
393
701
392
702
393
701
392
702
393
701
392
702
393
701
392
702
393
701
392
702
393
701
392
702
393
701
392
702
393
701
392
702
393
701
392
702
393
701
392
702
393
701
392
702
393
701
392
702
393
701
392
702
393
701
392
702
393
701
392
702
393
701
392
702
393
701
392
702
393
701
392
702
393
701
392
702
393
701
392
702
393
701
392
702
393
701
392
702
393
701
392
702
393
701
392
702
393
701
392
702
393
701
392
702
393
701
392
702
393
701
392
702
393
701
392
702
393
701
392
702
393
701
392
702
393
701
392
702
393
701
392
702
393
701
392
702
393
701
392
702
393
701
392
702
393
701
392
702
393
701
392
702
393
701
392
702
393
701
392
702
393
701
392
702
393
701
392
702
393
701
392
702
393
701
392
702
393
701
392
702
393
701
392
702
393
701
392
702
393
701
392
702
393
701
392
702
393
701
392
702
393
701
392
702
393
701
392
702
393
701
392
702
393
701
392
702
393
701
392
702
393
701
392
702
393
701
392
702
393
701
392
702
393
701
392
702
393
701
392
702
393
701
392
702
393
701
392
702
393
701
392
702
393
701
392
702
393
701
392
702
393
701
392
702
393
701
392
702
393
701
392
702
393
701
392
702
393
701
392
702
393
701
392
702
393
701
392
702
393
701
392
702
393
701
392
702
393
701
392
702
393
701
392
702
393
701
392
702
393
701
392
702
393
701
392
702
393
701
392
702
393
701
392
702
393
701
392
702
393
701
392
702
393
701
392
702
393
701
392
702
393
701
392
702
393
701
392
702
393
701
392
702
393
701
392
702
393
701
392
702
393
701
392
702
393
701
392
702
393
701
392
702
393
701
392
702
393
701
392
702
393
701
392
702
393
701
392
702
393
701
392
702
393
701
392
702
393
701
392
702
393
701
392
702
393
701
392
702
393
701
392
702
393
701
392
702
393
701
392
702
393
701
392
702
393
701
392
702
393
701
392
702
393
701
392
702
393
701
392
702
393
701
392
702
393
701
392
702
393
701
392
702
393
701
392
702
393
701
392
702
393
701
392
702
393
701
392
702
393
701
392
702
393
701
392
702
393
701
392
702
393
701
392
702
393
701
392
702
393
701
392
702
393
701
392
702
393
701
392
702
393
701
392
702
393
701
392
702
393
701
392
702
393
701
392
702
393
701
392
702
393
701
392
702
393
701
392
702
393
701
392
702
393
701
392
702
393
701
392
702
393
701
392
702
393
701
392
702
393
701
392
702
393
701
392
702
393
701
392
702
393
701
392
702
393
701
392
702
393
701
392
702
393
701
392
702
393
701
392
702
393
701
392
702
393
701
392
702
393
701
392
702
393
701
392
702
393
701
392
702
393
701
392
702
393
701
392
702
393
701
392
702
393
701
392
702
393
701
392
702
393
701
392
702
393
701
392
702
393
701
392
702
393
701
392
702
393
701
392
702
393
701
392
702
393
701
392
702
393
701
392
702
393
701
392
702
393
701
392
702
393
701
392
702
393
701
392
702
393
701
392
702
393
701
392
702
393
701
392
702
393
701
392
702
393
701
392
702
393
701
392
702
393
701
392
702
393
701
392
702
393
701
392
702
393
701
392
702
393
701
392
702
393
701
392
702
393
701
392
702
393
701
392
702
393
701
392
702
393
701
392
702
393
701
392
702
393
701
392
702
393
701
392
702
393
701
392
702
393
701
392
702
393
701
392
702
393
701
392
702
393
701
392
702
393
701
392
702
393
701
392
702
393
701
392
702
393
701
392
702
393
701
392
702
393
701
392
702
393
701
392
702
393
701
392
702
393
701
392
702
393
701
392
702
393
701
392
702
393
701
392
702
393
701
392
702
393
701
392
702
393
701
392
702
393
701
392
702
393
701
392
702
393
701
392
702
393
701
392
702
393
701
392
702
393
701
392
702
393
701
392
702
393
701
392
702
393
701
392
702
393
701
392
702
393
701
392
702
393
701
392
702
393
701
392
702
393
701
392
702
393
701
392
702
393
701
392
702
393
701
392
702
393
701
392
702
393
701
392
702
393
701
392
702
393
701
392
702
393
701
392
702
393
701
392
702
393
701
392
702
393
701
392
702
393
701
392
702
393
701
392
702
393
701
392
702
393
701
392
702
393
701
392
702
393
701
392
702
393
701
392
702
393
701
392
702
393
701
392
702
393
701
392
702
393
701
392
702
393
701
392
702
393
701
392
702
393
701
392
702
393
701
392
702
393
701
392
702
393
701
392
702
393
701
392
702
393
701
392
702
393
701
392
702
393
701
392
702
393
701
392
702
393
701
392
702
393
701
392
702
393
701
392
702
393
701
392
702
393
701
392
702
393
701
392
702
393
701
392
702
393
701
392
702
393
701
392
702
393
701
392
702
393
701
392
702
393
701
392
702
393
701
392
702
393
701
392
702
393
701
392
702
393
701
392
702
393
701
392
702
393
701
392
702
393
701
392
702
393
701
392
702
393
701
392
702
393
701
392
702
393
701
392
702
393
701
392
702
393
701
392
702
393
701
392
702
393
701
392
702
393
701
392
702
393
701
392
702
393
701
392
702
393
701
392
702
393
701
392
702
393
701
392
702
393
701
392
702
393
701
392
702
393
701
392
702
393
701
392
702
393
701
392
702
393
701
392
702
393
701
392
702
393
701
392
702
393
701
392
702
393
701
392
702
393
701
392
702
393
701
392
702
393
701
392
702
393
701
392
702
393
701
392
702
393
701
392
702
393
701
392
702
393
701
392
702
393
701
392
702
393
701
392
702
393
701
392
702
393
701
392
702
393
701
392
702
393
701
392
702
393
701
392
702
393
701
392
702
393
701
392
702
393
701
392
702
393
701
392
702
393
701
392
702
393
701
392
702
393
701
392
702
393
701
392
702
393
701
392
702
393
701
392
702
393
701
392
702
393
701
392
702
393
701
392
702
393
701
392
702
393
701
392
702
393
701
392
702
393
701
392
702
393
701
392
702
393
701
392
702
393
701
392
702
393
701
392
702
393
701
392
702
393
701
392
702
393
701
392
702
393
701
392
702
393
701
392
702
393
701
392
702
393
701
392
702
393
701
392
702
393
701
392
702
393
701
392
702
393
701
392
702
393
701
392
702
393
701
392
702
393
701
392
702
393
701
392
702
393
701
392
702
393
701
392
702
393
701
392
702
393
701
392
702
393
701
392
702
393
701
392
702
393
701
392
702
393
701
392
702
393
701
392
702
393
701
392
702
393
701
392
702
393
701
392
702
393
701
392
702
393
701
392
702
393
701
392
702
393
701
392
702
393
701
392
702
393
701
392
702
393
701
392
702
393
701
392
702
393
701
392
702
393
701
392
702
393
701
392
702
393
701
392
702
393
701
392
702
393
701
392
702
393
701
392
702
393
701
392
702
393
701
392
702
393
701
392
702
393
701
392
702
393
701
392
702
393
701
392
702
393
701
392
702
393
701
392
702
393
701
392
702
393
701
392
702
393
701
392
702
393
701
392
702
393
701
392
702
393
701
392
702
393
701
392
702
393
701
392
702
393
701
392
702
393
701
392
702
393
701
392
702
393
701
392
702
393
701
392
702
393
701
392
702
393
701
392
702
393
701
392
702
393
701
392
702
393
701
392
702
393
701
392
702
393
701
392
702
393
701
392
702
393
701
392
702
393
701
392
702
393
701
392
702
393
701
392
702
393
701
392
702
393
701
392
702
393
701
392
702
393
701
392
702
393
701
392
702
393
701
392
702
393
701
392
702
393
701
392
702
393
701
392
702
393
701
392
702
393
701
392
702
393
701
392
702
393
701
392
702
393
701
392
702
393
701
392
702
393
701
392
702
393
701
392
702
393
701
392
702
393
701
392
702
393
701
392
702
393
701
392
702
393
701
392
702
393
701
392
702
393
701
392
702
393
701
392
702
393
701
392
702
393
701
392
702
393
701
392
702
393
701
392
702
393
701
392
702
393
701
392
702
393
701
392
702
393
701
392
702
393
701
392
702
393
701
392
702
393
701
392
702
393
701
392
702
393
701
392
702
393
701
392
702
393
701
392
702
393
701
392
702
393
701
392
702
393
701
392
702
393
701
392
702
393
701
392
702
393
701
392
702
393
701
392
702
393
701
392
702
393
701
392
702
393
701
392
702
393
701
392
702
393
701
392
702
393
701
392
702
393
701
392
702
393
701
392
702
393
701
392
702
393
701
392
702
393
701
392
702
393
701
392
702
393
701
392
702
393
701
392
702
393
701
392
702
393
701
392
702
393
701
392
702
393
701
392
702
393
701
392
702
393
701
392
702
393
701
392
702
393
701
392
702
393
701
392
702
393
701
392
702
393
701
392
702
393
701
392
702
393
701
392
702
393
701
392
702
393
701
392
702
393
701
392
702
393
701
392
702
393
701
392
702
393
701
392
702
393
701
392
702
393
701
392
702
393
701
392
702
393
701
392
702
393
701
392
702
393
701
392
702
393
701
392
702
393
701
392
702
393
701
392
702
393
701
392
702
393
701
392
702
393
701
392
702
393
701
392
702
393
701
392
702
393
701
392
702
393
701
392
702
393
701
392
702
393
701
392
702
393
701
392
702
393
701
392
702
393
701
392
702
393
701
392
702
393
701
392
702
393
701
392
702
393
701
392
702
393
701
392
702
393
701
392
702
393
701
392
702
393
701
392
702
393
701
392
702
393
701
392
702
393
701
392
702
393
701
392
702
393
701
392
702
