2000
411
23
432
49
441
22
433
66
423
23
399
47
392
24
410
44
443
20
434
1
536
942
515
911
454
950
512
984
505
961
472
908
517
940
537
1001
503
985
498
1002
442
46
406
67
391
48
380
706
284
639
300
651
322
636
302
625
267
639
274
720
263
640
939
538
922
607
218
788
172
807
192
765
340
678
355
663
321
740
296
713
266
694
367
48
386
69
379
707
282
728
262
721
392
1
424
22
414
7
535
961
488
881
518
907
583
900
523
931
541
954
485
987
496
4
415
987
532
923
616
275
628
264
714
386
27
408
45
393
23
413
8
446
19
459
909
582
164
791
224
605
924
464
942
509
975
515
959
475
868
499
895
584
163
799
176
759
333
660
317
664
341
650
349
683
354
49
378
70
374
701
274
633
286
705
383
48
405
738
293
626
925
521
902
456
945
482
991
424
996
501
867
476
927
241
629
925
614
214
785
221
606
286
614
206
601
226
788
255
936
515
949
668
346
49
366
72
373
48
389
26
409
35
402
732
926
625
324
962
463
856
187
798
177
824
159
779
252
937
543
916
517
933
624
303
650
948
530
977
370
697
383
69
389
717
936
239
929
466
988
384
28
407
38
264
928
547
913
446
1004
435
19
216
610
211
23
420
7
186
592
896
595
193
590
899
586
194
813
171
10
411
745
306
618
268
57
290
639
940
470
998
155
817
184
787
256
626
287
733
400
68
404
32
248
927
451
951
665
316
963
449
922
545
906
442
21
425
993
468
934
516
909
749
304
623
325
650
896
568
899
652
298
950
458
943
513
981
712
384
718
931
245
33
207
616
307
638
301
747
925
252
962
681
358
72
370
691
962
340
670
948
657
334
974
371
688
969
122
999
437
896
494
886
712
940
238
42
218
620
259
795
166
754
418
994
157
772
923
255
70
399
38
240
604
225
59
261
594
227
600
279
52
236
941
644
283
954
744
930
524
893
708
378
8
179
830
979
133
997
395
725
954
664
331
962
674
351
969
698
369
693
972
338
965
314
754
898
526
937
276
602
200
614
196
769
892
497
863
485
859
471
917
515
901
750
919
549
779
889
504
918
224
609
203
67
235
72
201
584
229
78
192
596
211
621
934
633
256
621
326
976
701
962
357
682
958
676
359
28
230
936
645
318
655
948
711
943
286
647
892
761
424
14
149
994
427
989
142
18
131
1002
400
730
934
479
848
992
426
760
174
9
412
743
936
263
629
243
589
221
611
210
84
225
946
449
578
900
465
576
766
191
598
289
65
258
936
278
54
303
949
708
974
296
646
889
774
882
483
944
457
964
694
365
50
239
587
187
763
964
673
337
659
948
250
965
327
972
809
988
150
10
195
76
232
585
433
14
409
746
928
475
846
999
394
726
938
454
957
461
585
763
424
765
897
758
916
243
609
260
631
283
627
279
43
262
941
642
273
55
207
97
222
86
188
6
421
752
917
231
597
191
101
952
655
345
684
375
703
388
33
418
23
401
721
953
737
936
288
617
269
40
273
995
833
986
714
382
29
347
667
360
991
430
33
213
22
323
668
953
510
951
292
641
312
984
834
968
681
378
700
980
797
877
9
197
606
219
619
257
593
238
917
50
905
491
865
11
167
43
141
24
120
215
104
969
705
983
851
487
923
749
415
579
444
904
749
921
486
574
778
879
786
872
799
861
477
925
724
397
734
399
731
951
744
944
507
572
782
886
505
894
439
9
184
108
961
278
932
452
576
477
905
772
429
770
890
438
12
277
635
309
614
234
58
264
615
215
74
234
919
220
21
299
642
311
660
947
671
352
665
362
686
949
684
373
976
268
936
299
966
95
257
632
313
975
333
667
330
963
353
999
153
90
947
662
960
785
884
27
237
598
778
954
825
992
381
715
983
838
950
528
567
513
908
39
303
637
276
628
244
626
230
604
294
647
338
958
344
666
336
635
269
974
125
183
24
895
768
428
993
443
591
431
582
223
615
768
915
18
204
59
250
622
766
649
323
963
756
580
731
955
281
12
290
986
143
2
419
591
214
21
930
271
620
226
584
773
429
771
938
629
342
644
327
993
820
968
686
372
690
385
711
950
739
400
740
953
241
26
130
211
594
769
971
823
858
1
404
744
588
238
26
891
7
381
695
366
980
710
391
25
230
45
927
67
267
49
951
301
12
170
112
7
176
79
227
612
783
254
996
161
114
987
713
387
705
754
660
350
971
805
843
941
758
592
257
791
875
976
348
655
955
653
315
967
71
252
31
360
206
407
747
717
941
272
987
138
62
195
93
233
440
212
61
912
504
576
436
989
260
603
238
953
659
322
978
319
428
523
919
46
959
701
377
992
247
923
239
608
304
439
521
462
918
7
883
13
900
765
638
297
953
662
367
680
956
685
384
699
364
31
357
677
955
672
631
280
609
217
91
960
772
962
759
964
447
216
435
994
441
268
38
933
812
978
793
258
61
175
81
149
987
894
31
128
990
719
577
445
278
645
289
628
236
586
780
973
773
614
228
27
234
617
263
46
913
512
902
822
980
818
470
574
455
493
540
561
477
833
479
838
936
629
262
634
936
632
264
626
936
630
291
643
937
636
313
951
323
652
328
664
353
668
329
647
295
634
274
598
225
155
211
46
213
613
768
957
775
954
697
379
689
361
445
201
616
746
690
360
672
335
952
789
256
989
251
947
718
944
815
972
777
606
200
601
282
421
364
403
223
583
782
253
781
962
327
1
175
98
218
109
175
155
130
984
347
434
579
782
968
854
6
900
462
579
736
398
983
865
791
960
65
229
49
216
186
238
56
913
468
572
500
466
909
41
265
638
273
41
929
771
968
916
775
880
6
987
101
136
27
970
328
950
778
648
308
986
305
634
282
440
17
437
385
711
390
704
376
699
372
680
623
753
676
380
702
623
231
88
987
881
979
811
871
777
969
780
632
269
445
589
753
956
861
812
459
579
760
728
580
638
662
699
382
693
371
666
340
965
339
672
341
416
262
595
765
736
713
392
332
661
353
678
356
34
256
109
977
803
941
17
444
214
123
984
321
965
322
218
21
882
12
161
17
145
996
418
230
618
208
579
739
581
620
220
622
262
428
268
615
747
594
416
585
779
578
755
685
373
677
961
673
731
581
635
289
636
267
441
334
445
214
53
211
436
329
428
386
273
639
259
616
215
30
928
16
899
769
968
49
907
981
395
418
270
440
261
61
220
252
226
622
764
964
831
939
806
779
953
685
354
982
353
666
786
964
763
957
250
226
202
32
904
15
926
995
83
216
139
117
234
69
930
775
968
338
433
309
652
303
430
368
260
593
678
590
774
888
973
873
3
894
987
149
208
144
10
192
8
407
268
444
214
56
222
58
220
104
959
759
580
521
548
448
515
438
536
444
270
440
284
310
643
286
639
259
73
968
780
827
981
801
962
771
681
581
768
791
960
908
19
194
36
932
795
953
749
957
43
265
632
279
970
286
975
280
999
248
975
278
979
128
989
70
191
8
899
30
944
27
893
3
177
197
616
580
755
623
263
442
207
35
249
199
179
230
418
283
320
654
297
363
985
361
667
583
768
728
769
682
753
713
588
789
580
444
354
422
293
49
212
72
205
603
288
393
263
635
267
369
260
593
686
580
444
263
437
275
378
282
623
267
297
606
580
444
354
417
281
995
924
522
444
354
685
374
694
369
692
374
688
372
681
348
958
346
654
297
635
269
619
262
623
267
618
207
103
971
91
959
776
962
113
213
22
216
150
202
225
61
207
93
202
48
218
25
915
756
628
671
629
273
632
272
628
580
764
791
936
783
968
780
607
644
668
706
391
419
288
48
211
614
272
316
652
321
264
444
266
373
426
266
288
632
261
593
260
436
416
230
621
269
358
427
274
16
276
431
14
432
314
961
313
982
73
946
25
915
17
930
35
922
761
934
832
779
966
109
984
93
1000
150
8
884
771
962
113
7
873
975
79
982
1
27
7
898
938
918
943
771
804
775
580
444
354
264
37
211
618
238
617
704
623
263
635
268
636
339
263
629
592
688
383
434
330
649
595
694
617
580
444
354
681
597
763
575
444
580
775
968
988
967
771
807
774
626
239
50
242
45
218
161
996
148
197
39
246
41
211
376
682
711
733
761
785
254
234
112
212
137
200
220
620
759
721
398
447
578
444
582
763
580
724
395
436
204
184
207
178
209
599
225
414
1
418
438
204
184
208
91
210
190
220
148
1000
114
987
19
921
600
630
650
629
259
631
265
387
995
390
1004
388
995
393
439
260
593
639
668
635
615
724
762
720
763
783
936
768
937
817
926
767
959
759
962
783
955
775
949
790
973
795
966
70
984
93
985
2
979
886
970
327
944
780
607
777
818
980
847
948
780
957
824
980
43
218
197
220
148
199
30
928
889
12
882
984
1
876
959
328
991
325
959
327
991
313
959
321
991
131
204
435
311
258
237
259
279
51
934
27
884
1001
854
454
580
763
709
384
699
382
259
628
263
379
704
378
696
974
690
364
687
356
683
353
675
371
266
636
272
333
275
252
223
202
233
198
26
944
13
930
34
218
