2000
400
23
430
45
423
24
429
57
422
46
398
25
389
54
396
47
411
23
437
17
431
22
442
11
432
43
371
698
377
53
381
697
362
679
347
664
330
648
300
633
266
620
232
607
921
521
938
527
998
532
956
460
913
505
936
453
914
518
997
403
22
413
46
382
26
396
725
278
638
294
712
380
60
376
67
371
60
388
26
422
991
485
887
507
899
447
915
592
908
595
193
592
217
615
268
720
389
47
392
710
296
636
262
626
304
632
936
528
908
461
951
471
931
454
913
530
904
494
959
520
979
487
939
504
981
481
879
508
886
576
902
513
897
491
950
668
345
680
360
66
366
676
372
59
381
27
410
48
381
708
376
992
404
738
292
645
941
468
989
424
23
441
16
438
1
413
749
304
613
271
639
261
61
369
700
271
622
927
524
930
473
957
666
326
962
475
907
515
965
476
865
498
919
613
219
621
282
606
237
42
435
19
212
600
190
604
924
500
871
478
970
337
663
352
685
961
675
949
479
858
494
869
501
918
609
207
23
402
732
926
625
279
52
263
36
393
992
484
963
343
681
359
67
365
678
957
540
999
157
783
168
809
181
5
443
15
175
796
163
771
153
1004
489
892
511
953
666
961
308
644
945
508
884
741
411
751
962
304
635
297
652
941
249
935
262
592
239
935
270
641
947
470
994
159
789
219
599
917
596
191
831
179
804
166
778
155
1001
444
904
449
919
615
256
935
245
603
200
594
214
616
918
611
200
29
380
997
389
59
377
703
947
651
305
608
919
761
932
265
41
436
994
467
948
676
958
759
945
734
401
61
409
743
936
238
67
354
684
962
352
67
348
976
120
3
145
18
216
585
234
623
243
943
523
915
517
911
766
894
506
867
767
883
509
895
439
9
177
826
983
383
696
959
458
920
626
275
633
327
956
527
942
246
594
917
764
422
36
240
64
258
634
281
932
274
636
319
971
356
682
970
121
234
69
222
588
200
607
276
59
374
705
944
494
863
770
957
735
398
728
958
451
578
436
36
399
24
201
70
218
79
198
31
245
971
333
665
964
757
421
61
387
718
391
723
920
250
62
368
677
971
703
983
709
885
765
915
482
980
347
659
334
968
124
215
586
446
945
642
317
956
694
382
992
140
23
210
601
283
50
267
619
226
609
221
597
211
783
209
605
919
753
412
746
407
1003
150
16
879
769
904
477
910
445
14
427
38
237
956
689
367
970
359
659
341
987
537
971
307
617
209
76
239
595
227
584
448
950
496
913
512
891
726
939
492
576
454
967
536
574
782
861
486
990
713
385
707
986
811
901
727
945
649
290
57
222
46
418
759
953
267
54
912
522
986
305
647
315
954
242
627
264
629
286
46
385
716
992
161
81
195
32
248
926
241
607
186
602
204
23
224
21
142
996
420
761
938
733
400
730
957
699
375
998
837
484
923
743
929
70
212
105
190
597
273
41
269
642
940
653
338
642
303
654
940
649
321
970
799
908
767
891
812
968
282
630
261
994
319
625
778
877
502
866
1000
108
959
450
591
435
9
118
253
632
310
980
696
372
674
349
662
941
712
944
291
955
283
995
535
567
458
987
533
585
226
596
782
854
999
332
954
251
925
761
944
277
968
831
480
839
990
146
211
621
234
629
938
634
298
940
646
334
667
354
982
126
197
72
117
24
174
86
942
670
363
691
977
843
786
946
743
954
724
947
711
381
702
984
352
971
311
612
280
970
675
344
996
268
974
686
384
976
789
584
776
881
12
186
598
214
91
188
128
978
795
910
3
397
729
926
516
578
477
922
520
909
37
218
615
233
617
253
627
287
639
318
951
712
394
3
403
742
579
417
591
426
44
434
993
415
744
919
238
29
889
817
966
695
373
969
366
693
383
714
982
242
975
711
379
3
928
724
932
81
962
759
603
780
874
20
437
569
487
842
486
963
350
659
328
669
356
683
358
661
313
948
303
53
260
78
205
600
765
421
766
899
38
224
622
266
593
220
65
288
940
643
302
986
417
597
410
592
441
999
853
802
975
123
260
348
968
677
745
580
767
421
768
939
526
966
246
956
242
49
216
612
197
605
777
949
278
628
299
948
291
637
273
70
978
841
483
429
586
748
405
1
847
1000
159
5
440
223
583
751
406
987
130
174
55
280
646
289
965
270
595
755
412
729
705
390
719
948
785
624
275
618
220
24
230
584
701
370
276
979
133
216
30
929
15
870
1001
99
207
33
436
234
919
230
26
209
590
255
76
219
623
680
363
433
210
95
944
303
999
276
341
652
331
989
257
999
279
616
581
782
254
69
922
59
232
119
984
828
973
848
784
255
606
267
49
956
763
420
762
961
872
785
220
101
958
879
820
471
552
462
955
686
367
655
323
644
309
633
940
637
660
356
416
267
639
940
632
673
340
994
829
981
395
721
995
433
293
639
295
429
323
97
986
308
993
152
229
67
1
881
12
439
567
454
555
508
477
838
978
127
191
766
943
518
938
770
422
306
657
312
639
275
637
264
130
152
98
194
88
219
785
223
112
82
211
609
268
631
284
627
289
343
652
333
22
221
785
218
18
879
771
960
805
934
63
987
272
40
246
41
224
357
672
364
687
369
980
374
695
763
736
688
781
968
854
980
367
406
235
970
240
381
428
574
749
953
845
998
165
194
21
432
228
38
264
55
938
783
667
353
972
347
984
346
430
582
759
967
67
42
262
626
770
795
834
987
902
774
889
993
247
226
443
997
136
1004
435
228
158
1001
338
994
122
968
53
211
607
780
253
779
623
302
633
321
378
692
754
624
272
981
918
885
27
894
511
548
516
905
442
205
586
759
673
346
676
961
674
354
960
661
722
606
206
235
31
907
17
876
1004
882
12
141
5
915
808
964
672
360
666
963
670
338
960
342
443
39
213
589
219
430
385
704
389
713
392
715
586
614
210
616
225
414
257
789
258
792
259
616
286
708
391
418
265
41
895
514
446
913
766
910
38
268
630
273
611
270
433
576
448
296
943
87
991
887
851
964
756
961
316
958
333
970
683
354
678
357
966
788
256
137
996
834
985
902
994
878
857
494
856
496
466
529
446
327
651
314
657
323
647
330
657
345
652
343
958
342
669
360
672
365
692
372
683
961
680
632
264
619
675
739
673
333
996
841
818
979
797
261
61
216
617
220
200
21
186
233
437
261
435
380
355
425
231
426
286
441
303
408
301
651
299
633
283
630
759
962
771
969
805
978
104
206
72
944
93
202
32
238
953
661
632
262
636
318
949
322
966
781
970
898
4
877
20
920
963
783
817
987
884
25
218
45
135
183
6
126
989
328
418
265
446
579
778
809
981
831
988
55
267
637
579
770
936
634
272
39
177
90
983
399
268
316
942
314
949
775
251
226
252
777
945
95
163
997
905
581
765
951
901
980
825
983
398
274
623
934
621
765
946
794
962
768
964
763
953
841
973
688
959
658
581
765
728
674
958
671
631
261
639
275
629
700
664
718
597
690
592
683
717
628
938
630
759
965
815
978
851
975
811
983
834
944
883
13
902
991
840
999
849
983
874
962
326
657
324
962
775
966
871
988
910
936
67
237
99
33
944
873
1002
964
801
975
334
442
19
436
456
579
503
574
448
564
439
19
444
212
64
921
852
988
846
980
353
440
336
652
620
765
728
673
364
980
354
442
241
45
218
30
973
50
959
768
960
114
987
337
668
786
928
761
185
17
878
996
828
784
944
33
206
42
188
7
888
772
816
911
887
992
247
220
141
982
360
685
375
679
378
702
389
420
258
382
696
600
736
581
743
599
763
590
678
589
767
747
727
756
603
707
380
49
378
983
386
358
982
357
664
354
982
361
338
965
337
267
617
704
623
597
631
579
685
600
670
355
681
346
676
374
982
375
331
965
333
672
348
327
426
325
279
629
261
626
703
734
578
444
579
697
671
701
669
715
604
203
29
213
26
209
16
906
993
94
955
28
193
9
169
26
883
996
828
994
132
19
200
49
254
989
968
79
208
135
17
204
42
213
45
189
42
265
41
218
25
973
57
222
50
254
55
35
949
20
216
614
737
956
935
975
786
766
736
769
589
746
685
659
638
658
637
660
680
657
621
783
761
928
770
579
444
351
320
257
277
314
639
270
44
218
411
268
326
290
712
582
750
770
928
761
741
770
928
761
741
770
928
761
741
770
928
761
741
770
928
761
741
770
928
761
741
770
928
761
741
770
928
761
741
770
928
761
741
770
928
761
741
770
928
761
741
770
928
761
741
770
928
761
741
770
928
761
741
770
928
761
741
770
928
761
741
770
928
761
741
770
928
761
741
770
928
761
741
770
928
761
741
770
928
761
741
770
928
761
741
770
928
761
741
770
928
761
741
770
928
761
741
770
928
761
741
770
928
761
741
770
928
761
741
770
928
761
741
770
928
761
741
770
928
761
741
770
928
761
741
770
928
761
741
770
928
761
741
770
928
761
741
770
928
761
741
770
928
761
741
770
928
761
741
770
928
761
741
770
928
761
741
770
928
761
741
770
928
761
741
770
928
761
741
770
928
761
741
770
928
761
741
770
928
