2000
534
964
486
63
442
34
423
14
531
4
425
992
535
961
503
987
485
968
546
945
538
957
561
926
506
62
422
36
408
64
476
990
428
3
533
969
480
988
432
23
423
5
473
992
377
703
278
638
305
743
289
729
313
637
282
744
172
795
227
705
259
783
213
684
356
668
331
712
267
639
274
748
241
786
175
793
230
674
342
694
294
734
246
762
190
829
216
779
261
760
251
713
322
727
314
633
333
667
360
709
326
669
297
693
367
38
403
70
421
37
404
69
389
38
522
978
492
890
508
921
565
955
549
937
489
963
496
897
574
920
607
915
540
956
545
939
487
985
437
2
479
970
466
32
446
1000
408
24
467
6
416
63
457
903
569
932
551
882
580
896
498
962
544
913
612
231
789
163
753
271
644
299
624
931
552
881
588
911
456
980
489
900
570
125
806
169
788
202
772
218
616
286
731
310
654
343
661
364
40
384
72
400
91
383
74
371
697
269
704
354
686
379
75
399
15
414
64
455
989
478
4
451
912
579
897
646
295
948
517
959
537
975
494
862
207
784
176
763
188
830
153
795
160
842
198
758
264
937
525
980
356
75
395
38
385
711
291
737
237
609
292
673
350
81
376
993
424
12
435
34
428
58
308
634
283
738
225
798
144
846
195
766
253
753
247
929
556
923
507
899
572
987
524
942
444
33
465
921
226
615
315
629
936
550
908
459
53
406
65
289
648
894
584
172
787
235
936
634
297
720
263
38
419
71
401
725
266
749
156
802
184
818
150
844
196
605
317
623
300
717
256
761
218
777
177
7
412
49
259
938
548
944
504
983
483
965
695
272
641
899
445
1004
430
55
450
970
682
358
665
334
623
257
952
657
372
692
968
343
82
288
650
892
504
957
252
790
162
837
141
991
474
31
449
905
552
914
222
922
454
894
512
909
448
939
505
878
634
275
732
399
726
389
9
436
900
515
982
347
678
954
672
330
44
262
722
402
66
258
940
660
321
628
254
757
169
585
893
548
950
446
934
630
310
608
261
61
306
637
935
271
925
221
937
215
781
178
5
150
997
470
842
432
903
638
299
953
655
335
632
888
513
90
260
935
506
880
689
362
977
124
573
898
642
266
43
353
966
671
363
80
394
725
947
659
340
101
253
955
652
297
645
895
509
879
715
390
6
139
847
82
263
53
411
16
212
610
200
602
280
746
419
756
957
246
915
436
22
174
794
229
918
453
902
487
958
244
736
163
587
201
598
917
519
927
444
56
312
636
327
86
228
920
518
943
767
183
599
191
822
559
84
257
615
215
584
223
30
347
664
946
528
885
670
947
656
891
743
877
493
863
654
957
302
643
349
677
971
357
676
368
698
220
606
210
19
440
1001
431
36
267
625
255
92
953
736
961
240
601
917
230
613
337
993
472
964
543
33
342
982
702
370
695
942
670
925
240
93
316
956
108
227
596
276
621
301
716
928
505
951
679
341
71
281
949
467
855
203
592
197
46
418
753
165
1001
145
24
501
940
249
626
236
783
210
680
943
761
956
664
365
974
803
949
271
598
233
916
521
926
251
931
459
840
645
947
452
904
733
284
627
307
990
152
23
413
749
956
723
387
709
392
700
374
995
304
641
281
595
195
611
268
698
979
359
35
249
106
229
66
305
962
662
342
5
321
649
293
942
464
972
352
982
385
771
939
526
911
440
21
205
604
783
208
110
223
619
324
88
955
455
917
245
45
910
520
997
532
910
787
254
590
199
584
231
50
242
936
635
309
950
712
386
728
915
522
925
276
104
253
630
829
473
857
490
892
768
182
600
206
117
8
415
740
408
750
875
16
328
983
340
762
419
996
254
948
682
355
685
970
679
359
672
362
965
692
978
379
980
800
975
361
1001
303
39
211
618
261
58
927
776
870
499
860
1002
160
996
524
934
262
813
464
824
460
901
435
768
873
488
881
995
536
584
180
769
346
658
941
702
964
366
681
370
693
378
707
973
386
688
969
760
434
19
216
617
281
48
296
38
333
72
259
100
960
699
219
112
958
481
853
791
256
33
905
438
26
135
979
250
624
273
640
945
451
578
783
865
12
201
23
913
603
239
973
381
691
944
651
345
980
353
5
283
706
391
719
878
15
175
590
911
587
222
600
193
597
182
758
420
761
948
692
837
997
291
63
921
442
897
446
904
450
941
735
287
620
220
146
996
271
37
264
817
979
325
639
298
647
328
38
407
735
398
730
907
437
586
171
2
333
760
182
765
931
42
254
786
861
462
906
446
929
217
586
221
610
273
76
949
718
384
713
987
338
680
964
669
958
494
858
496
869
770
972
384
704
376
710
980
826
474
956
458
911
519
919
443
34
334
656
351
668
946
650
296
997
866
480
834
987
709
291
631
259
780
948
703
378
696
365
980
130
233
622
933
619
243
107
237
607
195
769
378
965
477
585
192
18
207
618
231
30
199
605
261
631
934
627
289
74
332
972
241
952
739
944
646
936
81
955
733
944
317
967
70
278
603
264
931
487
581
174
582
225
155
994
829
479
920
775
257
947
285
629
309
982
735
409
11
880
1000
373
694
952
716
990
812
431
46
919
6
183
25
884
741
402
17
433
587
175
591
211
59
226
621
934
616
200
114
963
754
404
743
395
714
946
766
375
705
947
638
275
100
1000
363
759
958
358
754
192
119
964
682
348
659
783
960
672
369
677
767
582
237
707
893
514
903
516
898
511
904
469
827
975
330
97
323
38
315
662
349
135
265
624
934
632
276
27
235
914
62
934
635
264
952
724
398
262
41
899
467
583
779
966
361
668
953
656
326
955
348
979
794
685
940
793
834
973
126
208
16
211
114
987
269
624
225
388
705
767
883
13
323
652
344
968
687
948
84
285
17
439
893
9
909
471
825
983
818
448
221
158
1003
255
789
581
539
458
894
489
917
452
819
961
281
637
291
648
322
656
353
676
364
663
955
690
359
665
778
969
766
958
683
752
961
843
982
714
389
991
281
25
900
443
594
186
603
270
641
888
24
444
212
163
1000
324
949
673
630
335
67
319
984
807
968
122
260
603
244
995
853
480
882
21
218
95
338
672
329
48
922
239
30
227
32
234
605
286
970
326
993
847
980
128
988
308
979
104
211
79
1003
851
970
332
645
941
652
331
989
822
640
940
631
305
982
314
650
319
101
302
46
290
44
291
45
905
18
275
43
284
36
291
739
949
661
351
770
958
669
943
673
347
958
737
956
771
575
749
717
393
721
994
261
961
316
752
953
91
989
839
995
282
616
197
606
213
17
289
949
848
1004
274
120
318
942
309
22
206
349
767
583
776
966
298
955
60
916
52
306
743
416
593
282
44
441
210
614
258
64
941
785
954
248
983
833
991
288
600
771
349
984
284
637
267
37
922
11
281
48
295
934
761
588
782
253
964
122
987
245
34
894
29
927
277
631
706
235
443
278
975
339
955
659
949
95
246
957
759
336
762
579
426
998
894
19
422
213
379
990
269
99
960
46
266
593
756
952
726
997
907
510
913
457
571
415
231
141
1003
863
489
868
1000
156
260
809
985
501
893
512
911
24
932
527
485
867
14
438
204
600
212
617
933
625
262
639
273
43
898
514
581
773
651
948
668
363
679
359
670
953
666
336
968
385
710
978
795
953
719
978
390
683
382
696
949
676
379
701
951
700
944
691
946
695
951
701
952
704
950
72
236
629
934
633
306
636
934
630
288
44
927
250
776
969
814
990
711
978
706
389
716
992
843
998
267
70
927
248
32
889
19
216
621
293
648
893
998
375
965
775
580
782
252
179
207
589
773
674
961
678
617
704
618
771
960
337
677
753
949
330
229
102
952
28
901
12
886
506
567
786
254
625
275
644
282
626
259
806
628
804
627
805
628
804
627
805
628
804
627
805
628
804
627
805
628
804
627
805
628
804
627
805
628
804
627
805
628
804
627
805
628
804
627
805
628
804
627
805
628
804
627
805
628
804
627
805
628
804
627
805
628
804
627
805
628
804
627
805
628
804
627
805
628
804
627
805
628
804
627
805
628
804
627
805
628
804
627
805
628
804
627
805
628
804
627
805
628
804
627
805
628
804
627
805
628
804
627
805
628
804
627
805
628
804
627
805
628
804
627
805
628
804
627
805
628
804
627
805
628
804
627
805
628
804
627
805
628
804
627
805
628
804
627
805
628
804
627
805
628
804
627
805
628
804
627
805
628
804
627
805
628
804
627
805
628
804
627
805
628
804
627
805
628
804
627
805
628
804
627
805
628
804
627
805
628
804
627
805
628
804
627
805
628
804
627
805
628
804
627
805
628
804
627
805
628
804
627
805
628
804
627
805
628
804
627
805
628
804
627
805
628
804
627
805
628
804
627
805
628
804
627
805
628
804
627
805
628
804
627
805
628
804
627
805
628
804
627
805
628
804
627
805
628
804
627
805
628
804
627
805
628
804
627
805
628
804
627
805
628
804
627
805
628
804
627
805
628
804
627
805
628
804
627
805
628
804
627
805
628
804
627
805
628
804
627
805
628
804
627
805
628
804
627
805
628
804
627
805
628
804
627
805
628
