2000
411
23
432
49
409
24
430
51
408
27
392
53
406
28
429
1
536
942
515
911
454
950
512
984
505
961
472
908
517
940
537
1001
433
22
442
14
433
46
379
704
373
51
378
709
288
633
273
641
286
624
298
638
287
710
371
53
399
32
386
703
380
34
385
992
434
999
502
987
437
22
414
1002
501
893
579
904
520
949
484
906
518
899
604
199
596
898
521
938
465
977
514
943
451
22
419
48
374
688
361
53
366
680
352
54
358
673
343
53
403
30
390
55
385
718
260
626
932
630
291
621
933
524
897
577
894
585
876
580
140
584
189
599
892
522
925
466
981
513
944
450
13
443
990
435
45
380
694
366
671
344
965
507
960
477
920
531
964
458
910
516
941
471
909
459
962
338
55
357
684
958
487
913
716
391
29
405
2
421
993
433
1004
170
593
200
603
235
625
276
615
223
790
226
609
210
782
214
616
256
629
275
626
234
796
170
10
445
928
631
274
54
370
68
365
54
398
731
938
650
317
657
330
51
372
966
490
911
721
944
500
903
723
390
987
497
895
727
901
651
309
645
282
52
407
25
429
54
391
732
894
647
941
643
270
60
261
610
299
623
252
65
259
76
236
592
217
27
425
15
440
17
201
31
387
702
920
713
951
510
926
700
392
976
493
928
694
964
682
354
665
956
456
955
509
957
674
341
53
377
710
980
136
4
179
597
211
16
420
757
892
736
402
31
400
742
886
772
878
742
408
993
150
5
413
23
410
752
937
248
67
319
637
264
38
196
33
382
708
917
515
915
714
947
453
579
787
877
749
413
758
936
522
934
447
989
436
984
464
982
702
961
305
653
322
619
238
69
220
612
228
96
212
590
231
79
213
30
388
990
312
642
284
938
272
55
264
611
224
614
292
620
220
26
347
668
957
670
346
955
698
369
992
422
768
891
740
888
770
965
691
363
681
969
376
35
379
968
343
990
127
36
249
85
191
42
276
937
285
639
941
645
306
949
714
904
721
939
519
905
710
975
798
875
789
592
202
584
445
1004
144
18
166
31
135
238
923
243
621
219
19
438
986
444
588
239
936
257
608
225
922
602
258
61
194
41
278
963
363
669
333
663
348
1002
173
70
216
29
206
595
777
962
665
329
1001
416
741
938
712
952
670
327
970
370
689
954
685
356
662
339
650
311
1001
420
759
967
323
640
290
632
271
949
513
578
455
561
466
576
481
856
1000
285
961
683
365
987
831
962
743
407
735
893
766
930
711
973
117
207
98
184
7
131
198
19
283
644
315
982
303
648
336
666
321
951
654
321
971
304
950
730
900
793
866
803
873
776
884
14
204
81
158
999
281
949
741
944
713
380
706
374
696
979
279
628
267
634
313
638
295
608
760
411
755
419
996
148
74
215
617
209
111
963
334
659
952
671
345
956
712
384
719
394
727
897
765
421
762
934
741
408
745
402
726
395
729
895
36
254
998
252
613
216
18
129
204
90
222
584
438
589
423
772
846
806
861
495
569
463
852
981
825
992
439
579
448
572
521
918
7
147
188
93
973
793
930
526
932
764
581
739
406
738
585
228
594
262
604
230
26
197
605
754
418
752
664
337
656
350
677
380
994
372
697
385
710
986
296
636
307
646
289
986
301
635
281
979
284
627
252
630
241
589
769
968
247
982
250
62
220
53
280
991
401
721
389
706
757
953
762
903
804
885
786
957
88
169
103
37
246
41
177
55
162
4
277
600
763
596
235
617
219
583
424
576
460
535
567
473
514
913
24
230
617
302
992
297
641
322
970
333
999
324
655
353
678
360
689
375
975
368
699
954
693
371
686
974
390
265
43
125
984
319
660
328
649
330
958
344
963
355
681
362
690
738
717
599
220
614
228
32
944
799
882
12
867
778
580
633
265
606
227
33
212
618
261
625
758
939
795
927
770
423
773
965
775
424
984
441
386
974
404
730
397
231
596
773
583
214
440
984
438
312
647
294
388
974
393
716
387
334
958
323
949
318
993
316
245
599
276
991
842
925
785
913
21
121
204
73
208
104
46
228
27
218
47
165
99
124
9
141
195
76
112
163
32
189
21
945
512
566
469
853
471
529
485
858
488
859
832
812
977
827
469
552
503
863
500
862
789
956
791
934
841
995
128
56
222
607
241
39
249
34
209
619
233
612
217
617
262
624
271
640
300
632
263
616
222
621
264
626
280
935
286
637
660
332
664
359
679
367
668
349
436
591
415
589
758
614
652
340
444
574
462
555
451
591
408
435
210
438
268
38
224
593
767
870
988
812
936
778
919
783
587
237
611
740
765
786
881
18
169
149
1002
898
980
825
465
529
477
855
815
459
851
818
957
841
922
770
806
977
287
631
304
636
264
628
293
636
289
639
312
447
272
428
387
711
384
693
368
691
376
429
983
417
329
661
342
411
268
977
275
339
657
351
273
977
279
447
219
591
744
670
631
938
627
301
983
376
695
660
706
390
983
402
723
396
983
392
241
447
582
748
584
622
276
977
284
610
765
603
260
433
297
983
382
985
378
983
328
278
16
281
977
289
16
284
982
275
16
295
438
315
442
210
30
216
55
175
11
880
6
916
965
762
946
95
975
72
213
113
145
14
203
56
222
604
755
592
758
675
580
736
588
214
163
183
9
67
120
984
126
995
19
53
196
19
139
215
101
10
192
46
88
165
5
859
956
806
970
783
941
857
955
809
936
761
928
889
32
121
59
134
108
27
234
26
228
38
13
987
862
983
92
40
228
592
726
404
729
618
707
674
345
426
303
639
280
434
263
613
592
717
588
214
171
220
240
383
306
442
260
440
261
620
730
405
363
675
718
665
743
614
257
625
271
381
706
384
269
990
265
386
276
631
297
629
749
630
745
765
610
222
56
28
218
52
267
51
968
757
964
763
594
231
595
670
757
581
672
359
664
334
657
331
652
319
339
266
409
299
336
667
366
261
627
721
394
299
376
310
245
598
752
702
577
757
614
230
618
695
370
679
577
458
544
485
579
444
275
342
321
982
322
638
306
447
579
444
352
435
252
229
326
643
308
447
579
444
352
317
982
324
270
618
722
689
359
683
659
692
362
308
447
579
444
352
421
441
252
232
607
268
447
579
444
352
424
444
579
441
252
228
41
955
843
995
861
947
865
902
876
948
775
965
766
964
759
623
672
724
402
439
390
707
387
241
221
23
887
822
913
770
954
775
966
798
970
818
939
907
18
987
146
197
47
971
82
28
946
766
954
762
709
657
715
743
580
662
721
748
591
752
701
387
438
483
445
403
727
767
721
661
724
397
706
658
727
769
789
768
915
943
967
784
957
766
746
769
789
768
748
769
789
768
748
769
789
768
748
769
789
768
748
769
789
768
748
769
789
768
748
769
789
768
748
769
789
768
748
769
789
768
748
769
789
768
748
769
789
768
748
769
789
768
748
769
789
768
748
769
789
768
748
769
789
768
748
769
789
768
748
769
789
768
748
769
789
768
748
769
789
768
748
769
789
768
748
769
789
768
748
769
789
768
748
769
789
768
748
769
789
768
748
769
789
768
748
769
789
768
748
769
789
768
748
769
789
768
748
769
789
768
748
769
789
768
748
769
789
768
748
769
789
768
748
769
789
768
748
769
789
768
748
769
789
768
748
769
789
768
748
769
789
768
748
769
789
768
748
769
789
768
748
769
789
768
748
769
789
768
748
769
789
768
748
769
789
768
748
769
789
768
748
769
789
768
748
769
789
768
748
769
789
768
748
769
789
768
748
769
789
768
748
769
789
768
748
769
789
768
748
769
789
768
748
769
789
768
748
769
789
768
748
769
789
768
748
769
789
768
748
769
789
768
748
769
789
768
748
769
789
768
748
769
789
768
748
769
789
768
748
769
789
768
748
769
789
768
748
769
789
768
748
769
789
768
748
769
789
768
748
769
789
768
748
769
789
768
748
769
789
768
748
769
789
768
748
769
789
768
748
769
789
768
748
769
789
768
748
769
789
768
748
769
789
768
748
769
789
768
748
769
789
768
748
769
789
768
748
769
789
768
748
769
789
768
748
769
789
768
748
769
789
768
748
769
789
768
748
769
789
768
748
769
789
768
748
769
789
768
748
769
789
768
748
769
789
768
748
769
789
768
748
769
789
768
748
769
789
768
748
769
789
768
748
769
789
768
748
769
789
768
748
769
789
768
748
769
789
768
748
769
789
768
748
769
789
768
748
769
789
768
748
769
789
768
748
769
789
768
748
769
789
768
748
769
789
768
748
769
789
768
748
769
789
768
748
769
789
768
748
769
789
768
748
769
789
768
748
769
789
768
748
769
789
768
748
769
789
768
748
769
789
768
748
769
789
768
748
769
789
768
748
769
789
768
748
769
789
768
748
769
789
768
748
769
789
768
748
769
789
768
748
769
789
768
748
769
789
768
748
769
789
768
748
769
789
768
748
769
789
768
748
769
789
768
748
769
789
768
748
769
789
768
748
769
789
768
748
769
789
768
748
769
789
768
748
769
789
768
748
769
789
768
748
769
789
768
748
769
789
768
748
769
789
768
748
769
789
768
748
769
