2000
411
23
432
49
409
24
430
51
408
27
392
53
406
64
391
55
428
25
446
20
433
14
540
949
520
916
463
956
519
922
607
215
619
262
636
297
653
332
668
352
680
341
652
303
717
260
637
335
752
294
712
262
693
295
709
381
63
376
703
279
725
259
780
164
795
170
812
177
785
254
771
201
830
182
794
171
744
328
672
296
654
329
671
360
977
493
893
509
931
526
913
465
953
485
979
508
935
457
957
517
892
577
903
522
914
501
960
456
46
439
9
541
912
589
893
585
175
806
152
832
163
797
223
698
268
612
239
929
510
879
486
952
476
931
628
304
634
266
616
310
627
232
705
372
64
427
27
398
53
429
92
423
65
405
740
284
632
308
681
340
978
492
894
575
906
498
992
433
47
438
12
507
942
481
996
382
62
428
993
497
861
476
980
455
962
488
883
512
926
245
623
931
238
798
154
813
134
833
149
799
234
932
637
938
479
990
368
64
375
711
368
70
364
666
951
658
306
61
383
703
235
621
932
508
940
448
17
536
901
515
923
473
991
387
28
424
55
384
701
392
996
358
679
953
656
295
611
270
604
217
786
167
1002
443
45
457
917
519
898
542
4
410
748
179
784
258
641
279
624
233
939
449
963
332
642
932
256
790
224
694
385
29
369
69
374
717
941
231
50
431
21
444
927
511
875
527
912
592
200
776
155
1
440
5
150
827
185
600
285
730
394
991
440
918
516
889
590
217
27
403
66
422
96
312
610
922
530
879
634
282
49
437
17
197
608
915
521
877
629
299
736
411
984
499
951
672
343
81
264
635
303
72
362
669
953
663
318
66
278
726
915
470
953
688
369
974
453
925
513
905
466
955
662
348
670
944
503
950
289
618
238
919
246
615
210
16
149
8
409
751
934
236
925
459
956
447
975
331
757
172
759
416
1004
163
586
234
622
318
59
226
598
198
820
159
787
901
446
39
268
944
277
737
410
746
319
94
262
594
272
927
488
858
643
289
710
376
696
968
122
978
703
945
483
884
509
890
727
904
516
920
228
942
220
696
918
250
620
264
613
206
606
300
646
942
525
887
728
395
48
288
74
270
639
333
755
172
765
340
962
253
808
174
774
356
690
377
62
379
706
972
689
213
98
241
585
192
845
1002
164
831
990
533
908
437
41
265
932
626
923
242
931
461
950
663
337
965
315
645
949
505
871
736
952
691
965
697
373
992
472
926
248
32
144
18
435
13
199
596
271
941
279
607
258
782
962
333
72
922
604
197
676
953
716
390
725
936
450
988
306
967
321
632
255
793
230
24
137
997
357
680
347
745
412
992
824
636
939
722
397
55
264
602
225
946
467
825
179
1
160
769
352
980
117
234
704
974
848
999
330
649
309
617
257
97
952
654
349
961
308
986
713
948
507
910
545
943
506
867
489
959
457
584
194
607
190
793
224
918
253
102
212
582
904
579
458
954
88
276
601
194
779
903
750
947
762
172
768
932
622
273
54
425
38
207
781
210
602
190
22
307
633
269
733
391
714
942
249
989
837
967
682
339
981
799
889
34
135
338
658
353
960
228
625
238
932
727
400
742
907
442
40
132
263
814
978
713
944
495
868
8
419
28
196
583
208
21
416
49
407
754
181
765
421
767
583
521
926
476
828
990
719
305
68
220
580
197
618
275
640
939
529
947
99
302
943
518
909
210
74
551
930
675
359
678
951
659
345
1003
376
702
382
980
263
716
984
725
897
437
8
402
53
280
639
292
630
283
601
267
91
960
247
992
156
230
623
219
589
439
901
39
249
63
279
930
477
863
759
964
684
344
671
953
697
269
721
388
729
287
637
323
92
953
713
992
366
676
342
967
690
370
977
834
485
880
503
983
331
22
894
707
378
679
969
81
553
920
456
820
985
498
859
771
961
268
628
309
657
953
667
958
353
26
218
599
202
119
974
779
913
551
81
216
18
872
731
389
720
974
371
692
380
695
942
241
588
446
572
527
933
262
811
986
373
703
964
318
643
940
253
629
935
451
585
168
590
185
761
968
473
829
634
257
798
974
364
996
145
241
980
795
890
491
862
1002
330
125
263
628
281
643
278
69
230
27
301
4
173
583
144
586
413
744
961
240
56
927
241
42
915
59
216
106
325
660
372
698
955
297
623
270
38
933
253
789
897
443
28
434
893
28
330
989
151
212
611
257
138
334
647
938
687
965
766
960
775
581
472
965
370
680
944
307
25
302
621
935
633
261
61
914
777
649
321
978
832
481
574
767
955
246
587
221
21
932
76
198
600
234
111
1004
878
14
382
714
988
869
499
865
476
823
462
936
632
267
49
922
521
917
32
418
749
305
649
298
653
938
627
935
618
215
592
783
970
377
683
966
764
593
423
49
440
897
513
899
441
33
245
982
813
438
905
502
574
745
946
708
386
713
402
726
941
647
324
631
293
626
262
608
227
79
282
598
430
49
285
948
276
640
330
98
984
318
942
672
631
288
615
211
112
257
941
642
944
710
977
816
991
825
858
7
172
23
440
937
248
984
863
2
175
207
605
225
596
255
792
954
316
961
322
664
942
514
896
3
468
919
239
588
273
631
291
709
983
368
686
362
692
946
693
947
695
948
698
954
699
977
351
685
936
46
907
35
228
621
220
127
340
101
264
607
760
585
742
660
358
649
938
685
940
525
926
251
957
690
972
324
995
841
977
701
380
983
805
971
250
3
467
1004
881
979
126
10
201
614
233
445
46
270
933
524
945
95
953
665
363
685
961
678
361
135
263
974
319
67
335
987
834
967
86
310
36
289
634
281
970
688
379
206
16
876
1000
404
988
312
109
257
35
249
979
247
625
685
354
975
333
952
100
962
693
764
365
198
19
309
13
188
608
214
600
780
941
306
61
915
52
927
9
192
139
986
716
392
211
29
922
57
290
956
239
30
895
439
288
32
281
440
223
597
775
930
65
288
649
308
958
745
953
337
968
757
415
994
401
251
955
302
2
414
596
299
633
258
591
434
907
11
866
5
469
826
472
6
473
576
682
355
674
364
763
171
765
366
680
350
982
318
656
636
279
51
934
4
472
6
473
919
38
904
444
2
435
1001
471
914
240
88
205
602
200
589
273
636
313
652
326
661
960
818
449
579
753
411
992
425
1001
469
905
516
903
439
1003
429
998
532
561
458
958
87
222
610
262
625
271
639
286
624
937
632
301
625
294
634
277
7
283
642
937
637
319
62
325
60
319
59
309
40
301
988
400
731
398
983
124
972
105
276
999
851
2
421
994
409
986
846
1004
871
17
212
588
267
621
219
617
704
373
976
304
623
275
43
265
593
179
4
856
990
414
589
217
617
264
958
348
265
100
956
84
966
357
667
728
758
939
245
31
227
584
785
839
980
793
675
366
972
372
219
163
344
770
925
67
932
273
965
768
341
766
945
737
950
104
323
97
292
595
271
640
261
586
783
857
497
864
967
759
327
87
294
648
287
708
387
241
27
884
15
191
611
196
29
301
946
462
502
951
673
356
209
370
687
953
726
955
254
624
265
182
5
263
636
297
399
726
958
113
986
290
123
233
447
307
46
274
12
201
601
261
40
272
987
82
941
768
666
628
275
389
225
616
219
322
199
611
202
405
746
588
779
894
444
214
130
237
183
26
938
318
984
121
970
309
982
312
364
666
375
682
349
229
101
270
626
277
44
919
65
219
420
313
636
279
442
37
267
927
50
898
30
902
496
581
242
102
254
782
640
810
888
641
292
629
700
949
701
950
704
954
661
949
701
950
702
952
666
358
681
965
762
961
368
970
803
983
715
384
722
394
983
831
979
885
502
896
969
705
384
710
977
702
953
703
954
709
977
712
393
718
380
214
605
203
604
780
253
603
923
609
205
16
874
995
843
992
720
936
72
258
789
257
989
890
1003
844
1000
339
677
961
671
945
695
948
699
949
701
950
696
945
692
946
695
949
696
787
256
81
343
953
719
951
735
275
78
975
494
860
486
853
469
915
520
914
3
265
633
261
620
283
632
290
629
259
793
260
433
203
621
238
965
338
5
879
11
931
682
958
683
937
248
999
840
994
158
250
986
308
648
336
650
326
665
947
662
782
580
787
973
822
772
963
341
124
977
791
973
96
246
973
859
483
921
965
277
737
408
723
399
728
406
6
909
39
264
608
245
931
253
632
940
630
271
937
70
267
36
925
980
809
971
686
373
697
391
724
590
774
201
133
264
614
238
401
210
438
604
431
282
50
213
17
900
6
882
993
892
443
906
437
907
56
222
341
678
351
661
955
657
333
965
330
638
338
996
416
602
210
614
236
594
214
442
22
882
4
928
33
207
620
208
586
187
582
736
870
1000
159
220
62
297
83
252
777
587
212
316
958
109
302
622
267
435
901
974
699
955
690
374
698
765
966
778
575
741
717
990
872
9
936
630
299
651
694
970
801
981
388
989
883
979
466
813
981
344
958
328
970
375
681
358
670
953
663
335
128
249
980
817
989
901
42
916
996
854
5
907
654
294
989
809
629
808
630
809
629
808
630
809
629
808
630
809
629
808
630
809
629
808
630
809
629
808
