2000
411
23
432
49
409
24
430
51
408
27
392
53
406
28
429
1
536
942
515
911
454
950
512
984
505
961
472
908
517
940
537
1001
433
22
442
14
433
46
379
704
279
635
297
652
307
633
299
714
260
636
270
722
368
685
352
666
335
632
309
621
929
523
905
581
893
506
959
475
946
513
913
447
11
409
71
403
54
378
707
286
635
272
720
307
754
336
631
315
743
294
653
944
514
912
451
962
470
979
364
55
375
711
261
691
360
56
374
977
499
996
434
45
441
23
417
49
423
1002
496
894
518
906
580
158
779
254
637
938
538
902
525
941
476
861
488
953
511
1004
493
964
465
981
486
947
471
1000
442
43
384
53
381
702
387
28
379
684
370
56
363
686
344
670
958
509
872
482
935
540
900
583
892
588
190
765
181
801
166
778
204
607
922
477
907
455
8
420
16
432
1002
501
918
610
212
785
160
826
180
597
221
791
162
830
177
819
157
775
252
929
242
605
213
598
918
544
901
612
208
606
272
701
392
42
386
721
271
625
319
652
946
535
3
410
48
418
22
395
731
281
633
292
744
408
25
393
976
501
985
464
1001
441
918
224
790
177
3
421
991
460
970
335
650
947
512
881
480
956
673
332
651
320
68
358
63
362
689
970
371
55
377
708
373
65
346
667
961
495
895
648
338
64
357
971
467
963
690
939
527
898
441
990
155
812
185
761
330
80
282
602
225
787
257
37
428
47
254
594
227
606
925
522
942
654
907
713
376
32
386
53
379
706
391
726
266
639
278
736
953
452
905
519
883
489
945
671
342
94
262
641
937
539
889
507
947
245
932
549
917
503
912
611
201
18
419
21
200
614
236
939
636
267
37
224
609
919
215
595
183
806
153
996
462
866
651
305
79
346
984
360
665
953
473
960
325
627
302
656
892
727
390
53
280
634
940
265
640
939
249
592
217
49
293
941
516
910
546
923
476
958
696
974
132
7
174
824
987
710
944
676
331
629
283
52
407
746
299
617
203
843
992
141
792
259
958
664
347
971
319
665
944
673
341
994
435
12
445
927
255
782
962
471
978
123
9
152
804
191
585
231
941
282
630
939
243
589
185
772
928
264
83
222
57
369
982
701
383
718
946
754
167
771
943
514
945
450
975
688
886
742
404
29
381
683
966
675
334
736
399
54
405
752
412
1002
159
995
832
151
998
443
41
265
729
928
273
699
385
715
297
619
235
949
502
878
631
937
528
885
772
429
14
205
602
252
97
323
651
953
322
963
447
895
719
940
526
900
717
384
982
711
948
264
622
312
656
327
759
418
28
230
584
187
594
214
785
210
611
290
709
936
730
890
492
859
700
958
246
920
458
986
306
72
274
620
223
98
960
662
356
56
270
612
284
47
150
29
226
600
287
624
234
26
195
608
225
930
241
948
703
977
712
930
250
920
608
310
106
220
622
338
960
532
4
169
777
880
786
221
948
277
643
321
984
806
971
369
686
957
510
888
736
289
975
125
337
671
956
659
314
973
330
755
963
768
934
81
270
728
997
836
483
856
493
853
484
955
674
349
63
258
637
295
988
837
968
309
660
350
669
960
757
171
784
920
603
213
18
426
754
921
64
215
783
942
524
920
600
187
586
227
90
267
58
308
979
695
372
680
365
696
393
17
140
300
628
874
791
174
32
400
1002
387
723
259
99
948
244
927
522
579
422
998
723
923
247
101
198
24
882
775
958
112
212
85
256
979
118
194
615
223
42
425
750
884
761
930
217
607
277
55
910
437
8
430
578
448
909
587
443
906
478
829
972
683
355
982
841
996
288
626
273
642
351
651
345
769
194
587
414
14
440
899
507
887
501
957
86
205
613
211
623
261
796
867
13
415
39
264
603
200
598
220
593
260
59
216
108
256
920
519
918
446
902
731
995
718
988
366
694
973
707
389
716
925
678
952
663
340
766
950
91
974
295
634
938
638
291
738
943
704
384
37
894
438
903
31
239
587
430
770
579
214
611
230
23
912
446
585
243
971
331
733
396
721
260
48
398
731
959
322
647
939
643
293
33
227
596
763
962
468
817
989
254
66
198
114
251
935
245
937
240
964
326
657
355
688
367
691
949
289
648
947
656
953
712
942
453
576
525
567
455
574
777
954
246
37
264
616
225
440
24
232
583
776
858
999
865
490
855
2
165
120
968
813
466
980
846
795
980
382
706
380
32
221
603
197
599
280
605
212
126
971
250
131
191
29
242
995
848
467
824
636
296
948
667
358
681
933
52
302
964
759
334
758
594
275
979
855
464
572
781
924
62
325
645
298
936
290
57
354
679
949
687
969
534
561
466
828
991
146
4
136
188
40
269
632
306
942
246
986
704
952
457
902
512
908
27
228
625
274
639
303
960
768
342
665
336
950
332
954
288
735
956
690
373
693
380
712
386
700
371
703
947
255
926
29
888
641
285
733
600
223
76
953
747
932
19
870
988
361
756
324
978
794
679
971
818
980
714
394
980
839
434
904
442
20
433
900
772
891
436
908
45
265
591
415
748
962
460
911
38
426
591
211
587
215
621
933
625
267
70
330
645
276
956
243
946
747
939
656
354
668
962
684
374
689
772
575
767
697
754
359
666
318
984
144
1002
862
3
880
976
815
989
708
966
301
60
928
520
929
13
323
665
334
989
244
598
190
610
268
637
259
74
240
963
333
643
305
628
934
633
341
124
985
295
651
948
69
254
626
263
48
211
145
995
252
926
247
970
810
985
833
477
572
780
950
323
982
316
660
321
752
643
317
65
289
20
911
518
907
38
441
901
790
878
1000
427
582
789
947
661
353
678
348
655
371
690
940
768
952
738
400
591
190
604
216
620
284
731
955
94
964
370
981
106
961
762
427
763
957
654
343
205
593
400
730
283
19
437
261
61
297
18
216
118
257
341
127
203
14
923
473
827
799
866
988
306
1001
281
67
934
79
947
692
628
671
945
645
277
698
948
763
342
659
344
765
598
745
407
43
218
406
1000
857
7
438
813
988
117
12
193
16
876
9
936
756
666
329
664
364
677
346
770
352
649
302
102
220
619
261
636
284
639
274
610
926
612
210
435
578
779
956
744
297
433
996
149
992
247
952
811
966
766
344
971
786
607
262
403
735
288
441
250
951
783
687
939
771
347
956
65
920
39
272
450
896
508
910
50
222
622
279
628
286
614
926
616
207
116
244
76
947
689
383
712
381
702
385
710
741
580
766
959
695
371
682
632
304
970
797
980
865
995
851
959
46
241
447
906
510
913
514
897
442
223
605
926
607
213
611
196
589
773
965
698
377
694
366
681
362
692
359
672
363
668
723
395
709
983
801
974
703
383
435
505
914
450
234
169
257
618
215
614
264
133
215
42
901
997
847
963
111
223
611
219
417
282
621
271
622
778
975
243
595
643
311
659
955
663
946
668
349
982
340
665
642
322
207
172
2
873
11
866
988
902
38
241
630
257
141
238
930
244
84
944
722
941
775
966
815
988
834
967
769
795
954
694
378
220
88
112
321
665
784
970
294
652
951
650
328
229
413
35
249
986
303
115
965
775
958
844
451
552
471
501
578
760
601
218
405
738
660
949
81
935
19
925
41
265
990
867
5
440
210
612
239
352
668
333
72
973
822
959
759
964
316
984
109
5
443
892
11
880
992
156
208
607
260
53
263
974
295
623
267
36
221
416
755
722
395
250
954
251
937
27
915
42
935
7
325
93
258
144
989
333
950
303
46
290
57
971
809
259
341
643
289
33
242
32
218
18
916
1001
118
987
334
445
233
129
972
112
1004
849
465
574
786
590
197
614
239
956
350
680
355
669
357
662
324
72
210
582
734
407
266
637
286
950
313
961
674
630
264
424
2
874
969
763
585
205
24
925
969
776
871
1001
148
241
392
723
666
693
365
440
214
397
983
104
207
450
579
446
276
640
268
628
700
627
280
53
216
30
406
278
12
274
639
302
420
316
108
959
756
361
664
324
259
73
343
218
405
270
632
277
954
323
97
971
820
993
322
966
301
390
233
447
900
45
266
629
701
628
700
631
701
632
261
813
987
859
1
142
992
382
705
627
297
406
209
374
688
627
283
52
947
77
222
395
250
66
305
939
245
349
638
289
966
793
255
104
956
46
919
27
884
1000
313
961
268
610
274
442
578
485
548
458
564
446
529
462
574
520
921
524
438
913
989
260
614
286
628
688
369
694
366
677
955
685
625
267
948
265
61
261
315
639
276
627
279
87
294
629
259
344
984
248
999
933
24
914
3
898
38
228
615
209
607
681
373
277
970
783
968
122
978
795
965
759
631
274
445
227
70
920
33
218
158
130
207
616
222
785
224
595
742
885
987
269
41
265
697
366
985
339
981
340
970
111
243
984
237
179
264
819
984
860
8
859
999
281
403
265
444
264
613
216
785
212
450
262
41
253
789
976
106
964
936
631
269
979
791
254
790
968
344
958
112
967
778
581
768
791
960
775
951
313
949
15
893
34
443
224
622
226
59
980
837
983
399
32
403
8
433
269
394
996
147
991
898
45
939
637
660
941
771
944
705
942
765
597
777
962
759
