4000
411
23
432
49
409
24
430
51
408
27
532
998
433
20
442
905
516
977
491
939
524
1
515
913
496
935
527
901
580
983
484
956
460
20
437
996
481
945
522
902
578
984
477
62
406
53
429
25
376
699
273
633
286
705
374
53
391
63
404
79
390
64
428
26
422
52
407
30
392
717
262
636
270
725
316
657
330
666
315
746
182
801
235
707
282
625
931
535
995
441
13
512
906
499
932
534
900
583
890
590
898
537
989
471
948
505
978
490
941
523
901
445
993
458
957
474
987
459
920
605
206
782
215
600
891
538
897
599
231
614
296
631
274
728
261
639
333
656
345
677
360
684
328
754
169
806
179
793
226
700
375
80
387
66
372
81
386
718
251
789
227
699
304
624
936
493
916
510
991
448
6
432
21
506
923
544
893
647
293
632
936
526
911
511
964
486
943
462
950
489
942
654
348
676
368
972
447
49
392
62
397
29
421
53
400
732
268
638
338
678
343
81
383
67
319
659
942
666
346
972
561
930
546
889
592
217
781
257
712
242
800
183
761
335
67
371
969
478
946
454
2
436
16
469
965
451
48
434
997
412
745
298
628
275
618
287
738
170
796
189
818
175
783
254
935
533
933
498
878
539
896
637
928
562
887
540
895
645
336
958
449
46
270
634
264
813
187
584
140
827
178
815
136
578
905
536
899
587
183
598
237
924
611
300
692
367
68
381
711
387
5
433
37
416
6
181
802
167
835
197
603
210
784
252
936
236
926
536
992
150
820
174
11
442
994
373
61
420
30
349
665
961
675
201
790
204
619
229
733
281
626
926
228
918
492
937
525
1000
418
751
163
788
190
764
338
95
299
612
205
607
192
793
257
640
884
501
869
464
949
653
351
964
673
344
33
425
761
936
226
27
427
40
415
63
402
731
279
43
246
617
288
65
389
721
395
62
325
663
949
520
904
451
952
680
959
448
970
316
611
219
67
271
629
280
934
497
907
462
960
676
883
710
980
135
995
147
839
159
778
259
635
936
243
916
251
951
684
342
965
321
653
331
38
432
17
203
621
283
706
382
698
937
475
985
393
696
919
238
597
185
768
344
961
444
15
439
945
479
920
222
590
211
16
170
808
153
990
457
853
205
595
232
585
212
783
934
262
621
227
942
515
909
714
880
508
912
464
1
175
9
133
19
166
797
184
769
341
973
331
648
354
682
957
653
362
672
965
334
762
176
600
221
791
256
84
289
616
207
857
494
915
228
620
286
991
818
979
311
655
355
681
370
701
959
695
982
293
615
230
72
307
657
953
518
904
727
276
627
932
696
953
296
604
199
18
377
689
262
36
249
943
488
970
342
94
944
455
929
737
404
55
267
637
886
707
977
338
647
312
977
138
821
975
315
952
718
874
481
950
726
398
56
222
95
246
589
226
624
277
54
405
748
296
52
425
759
957
677
361
978
328
658
947
665
357
962
105
255
927
223
949
262
38
165
25
130
998
369
690
261
61
919
466
848
1004
862
499
877
717
302
623
930
449
581
208
98
330
974
471
828
971
689
364
670
340
35
336
758
964
532
936
451
917
702
379
998
310
990
708
378
703
888
497
880
764
426
28
423
752
408
741
873
503
863
722
988
714
983
720
261
630
268
625
240
86
948
465
916
445
10
158
30
239
587
231
921
238
611
307
649
953
242
585
433
22
304
607
196
19
440
898
506
900
644
941
652
296
635
263
595
916
513
910
53
147
18
209
599
917
601
193
765
959
771
871
493
860
8
189
607
218
936
637
295
111
205
15
212
97
956
655
320
942
660
326
980
798
958
688
366
695
943
736
405
40
411
998
385
716
391
39
268
939
736
961
81
259
76
968
757
858
485
578
782
857
482
914
468
852
995
831
961
308
641
322
37
294
980
837
957
699
380
696
974
365
696
957
665
350
953
318
646
301
627
307
108
208
608
760
185
589
233
27
904
763
426
49
282
622
278
935
249
34
188
599
225
88
253
779
968
118
229
604
780
937
634
879
18
294
610
216
17
285
982
248
936
622
220
105
247
992
865
12
438
582
446
912
517
576
439
901
32
404
738
956
672
961
664
358
135
207
596
434
42
924
447
915
24
432
771
969
687
353
679
955
461
576
500
887
764
966
92
314
662
352
744
414
48
410
733
957
658
347
973
783
846
1003
299
35
305
644
332
970
367
680
969
802
854
998
165
4
122
215
593
766
876
991
141
979
302
949
711
989
251
584
434
891
7
145
44
270
73
343
669
356
651
291
971
823
944
691
946
521
572
786
255
960
463
598
262
623
758
894
37
272
589
769
378
706
986
398
725
953
686
371
675
372
685
625
313
951
459
599
214
613
266
59
927
503
893
727
396
729
1001
308
949
322
957
107
234
65
323
667
962
690
358
750
962
670
780
253
926
243
595
412
1002
897
442
24
230
925
770
183
767
872
1
172
110
968
760
579
214
693
950
688
370
965
240
36
263
976
812
988
307
633
265
641
292
648
280
435
33
417
762
929
515
915
499
863
777
960
532
561
451
927
14
191
119
27
196
112
17
894
512
913
444
41
273
626
264
606
211
612
224
790
216
32
245
939
455
572
769
696
373
701
384
976
89
220
598
213
53
303
46
907
442
205
600
198
9
184
15
885
26
230
608
259
793
979
693
787
255
922
247
956
331
664
952
672
949
675
952
707
948
84
983
704
384
713
990
840
999
337
987
863
487
902
519
909
518
917
19
882
750
415
747
961
318
645
328
643
302
641
271
937
626
269
75
210
612
215
616
275
639
936
628
286
949
716
947
477
552
443
238
612
276
594
211
20
903
1003
861
6
920
256
789
584
237
90
260
795
679
359
980
797
872
981
709
377
981
714
383
688
372
209
152
257
790
957
735
954
659
344
21
900
652
310
965
753
942
771
183
766
958
668
954
674
629
935
631
306
977
836
998
908
50
239
139
188
13
415
751
947
91
266
48
288
64
916
492
851
987
267
638
259
794
668
949
736
956
795
941
775
582
781
688
375
683
354
984
321
661
955
662
638
297
955
72
222
700
754
963
114
203
19
276
624
292
620
208
432
306
970
783
938
284
709
739
580
759
967
249
39
950
722
394
711
286
20
281
999
851
5
125
215
591
773
962
832
786
588
420
1001
428
231
85
983
400
23
887
33
930
523
466
813
975
697
231
618
208
17
204
438
898
1
173
6
357
664
335
958
314
967
107
220
617
704
616
225
702
977
93
944
675
341
652
303
115
244
986
868
1002
841
990
70
333
657
829
954
317
64
284
637
776
252
983
811
956
775
575
762
736
897
984
284
5
444
263
47
291
33
230
366
666
339
996
721
950
70
979
136
989
809
770
681
363
277
702
630
291
984
257
632
290
57
930
7
439
587
248
999
285
124
995
723
393
1004
395
301
716
390
260
586
745
414
245
970
687
595
777
572
472
514
579
786
899
19
881
12
908
755
631
266
642
769
589
415
235
914
238
617
704
616
274
641
323
97
961
674
709
588
267
438
223
593
755
947
48
904
13
151
990
838
998
725
936
623
279
981
339
657
317
967
682
737
673
630
269
41
273
409
368
442
211
689
967
755
577
781
254
782
970
382
1004
879
18
889
8
926
478
583
199
607
215
102
992
848
484
578
765
183
763
962
327
661
346
268
935
271
605
202
611
288
712
405
201
165
233
130
979
839
446
214
596
205
133
264
632
284
639
941
645
333
636
824
987
850
453
907
42
218
334
661
949
662
955
770
580
774
966
786
964
759
609
282
624
275
78
225
702
379
705
385
687
355
678
340
639
271
628
261
447
216
694
651
291
637
304
428
200
397
728
951
650
341
675
779
253
101
260
53
216
604
923
602
765
861
984
806
965
878
21
910
507
922
512
913
456
814
944
639
266
619
224
694
379
699
230
452
904
444
544
567
446
910
454
374
672
949
677
372
688
360
670
945
650
343
669
949
711
952
763
951
711
382
705
375
683
371
702
393
715
980
822
988
912
448
914
957
834
995
858
479
846
962
770
966
353
665
953
668
365
692
368
676
363
668
324
664
317
652
951
783
975
361
667
346
984
825
949
700
947
698
948
697
947
682
765
959
700
949
701
950
698
948
699
949
703
965
705
385
716
952
245
954
699
959
744
961
313
644
776
974
712
581
779
969
763
693
943
691
947
694
946
692
728
951
695
946
95
953
719
955
698
972
695
949
445
574
755
960
771
966
780
976
815
989
252
66
920
12
895
34
218
160
127
334
673
348
973
878
1001
944
444
529
448
264
38
203
604
197
605
262
635
273
637
786
667
348
681
745
610
261
616
679
359
982
819
466
580
767
791
955
253
40
892
772
585
636
282
50
239
624
302
637
270
149
229
134
220
616
682
632
280
646
291
644
296
621
282
70
207
322
978
251
958
248
77
941
32
248
53
260
435
233
116
967
68
305
961
678
349
294
651
728
769
962
243
403
206
148
183
609
215
693
763
969
799
981
279
422
210
603
264
58
222
338
450
264
38
910
25
216
433
270
61
297
83
953
802
975
706
631
264
613
705
627
269
630
938
628
295
48
218
155
195
74
236
580
782
965
823
989
257
442
219
73
259
616
207
30
417
211
596
763
658
638
293
979
263
52
272
365
676
380
229
445
487
578
445
282
624
275
4
864
1002
873
989
809
979
247
992
404
206
44
906
520
931
15
871
10
892
30
216
694
370
686
379
699
369
696
665
359
988
406
1000
862
993
973
388
710
398
1000
944
74
978
129
215
616
274
12
908
37
267
626
290
79
203
226
591
742
717
650
340
258
425
270
612
216
391
716
385
241
38
228
89
240
57
962
327
959
766
875
989
126
986
308
959
46
254
383
213
598
777
843
990
533
454
574
493
431
287
642
324
652
327
970
368
964
757
967
107
957
680
769
961
62
325
60
323
56
320
1002
884
9
926
761
936
817
462
818
983
823
640
284
47
277
636
265
41
231
618
263
440
200
603
225
50
279
44
216
606
263
1003
265
626
273
633
275
416
230
383
980
84
953
670
925
244
982
104
207
40
213
48
218
343
958
775
605
795
964
780
581
775
943
78
996
418
255
109
977
885
14
925
767
583
729
595
209
408
287
619
764
597
673
351
680
623
687
939
761
588
709
385
978
380
676
944
22
881
1004
847
992
901
11
880
953
893
18
201
53
260
379
770
657
637
309
652
296
636
325
93
246
41
218
440
238
923
243
418
235
923
27
884
985
870
14
907
987
344
968
783
970
695
380
771
962
690
661
624
293
629
700
631
701
625
695
603
204
429
287
639
592
217
344
956
42
262
400
983
849
992
893
974
372
675
360
273
41
265
61
225
604
764
784
976
788
980
263
435
233
169
220
411
992
857
990
887
2
437
261
632
665
778
867
12
881
21
955
766
584
773
590
737
767
795
772
809
934
873
3
121
971
860
983
106
276
349
444
582
784
965
941
771
874
997
70
330
643
297
958
300
629
273
616
219
620
261
340
223
617
704
616
682
588
748
832
991
152
229
60
310
982
307
46
308
958
759
728
769
378
264
133
980
363
230
31
213
33
249
38
268
423
232
433
221
41
246
958
248
937
56
914
517
906
459
852
990
925
12
881
19
911
992
247
440
214
610
259
612
228
618
933
621
264
627
267
37
249
38
218
46
911
1002
873
973
876
722
399
714
390
718
398
983
830
964
766
955
775
705
381
711
380
996
381
687
377
701
385
703
781
761
582
767
728
400
985
132
979
136
987
280
642
322
643
309
637
275
623
933
628
287
447
241
40
908
3
851
992
855
987
275
78
941
768
936
781
966
352
670
631
840
987
870
15
885
742
581
778
600
216
411
275
423
232
620
261
11
873
1002
117
259
339
664
693
215
616
220
102
6
887
16
278
66
921
732
402
275
637
284
48
263
627
273
366
675
351
953
759
963
779
975
794
965
825
984
61
306
961
300
986
303
643
324
259
117
328
301
60
284
632
264
394
241
929
248
939
236
72
932
44
266
612
230
400
280
991
888
2
855
999
157
2
882
12
911
965
265
41
253
945
862
966
797
956
854
1001
72
230
421
213
16
927
770
602
226
53
260
813
968
775
949
320
68
222
438
922
53
216
603
765
674
759
964
679
954
693
393
725
754
957
723
955
661
951
656
767
966
778
962
876
996
833
991
843
976
788
702
767
377
707
378
701
372
204
398
267
624
296
976
391
985
848
992
879
976
130
222
610
211
621
293
982
318
624
262
629
276
411
301
624
264
958
316
272
40
929
24
946
67
335
970
364
694
217
592
211
611
257
994
261
60
226
199
220
155
992
850
999
840
969
871
15
925
56
290
57
267
450
279
642
276
438
228
206
24
230
613
271
344
670
346
658
637
288
629
261
639
286
632
295
398
199
606
775
803
980
853
770
648
692
649
696
650
706
686
647
671
625
655
677
754
796
763
964
106
220
63
211
438
544
446
260
53
239
50
242
431
265
989
251
440
288
65
222
611
253
41
270
64
216
435
257
83
213
127
206
359
675
739
765
580
782
583
639
278
63
222
600
210
411
275
78
259
323
274
611
259
810
770
928
761
796
763
600
193
238
377
270
141
216
603
219
616
262
817
957
92
255
74
207
613
264
821
948
782
939
775
580
236
419
260
813
770
928
9
905
516
446
235
373
32
375
706
631
262
971
383
702
619
705
730
672
339
965
250
920
41
265
61
941
90
988
839
973
95
986
868
980
793
964
759
595
648
615
259
153
991
888
979
276
615
215
693
362
679
961
315
984
905
17
218
405
1000
870
15
442
214
148
996
390
715
596
683
371
264
133
985
93
3
915
26
218
353
34
902
48
996
892
973
388
261
435
211
15
188
22
216
435
202
606
214
163
997
86
212
610
678
352
674
363
267
37
218
32
889
979
823
975
278
60
222
610
214
607
195
594
207
29
238
144
216
436
204
108
243
193
238
105
961
310
86
294
642
286
266
440
210
613
264
372
963
846
968
342
267
363
235
373
992
247
101
983
820
989
113
321
954
248
34
218
405
265
41
949
78
941
60
222
325
260
53
273
629
281
68
216
435
257
408
273
420
268
107
254
989
293
265
989
829
976
96
969
993
968
121
207
437
299
372
204
436
228
38
218
158
208
369
677
656
636
264
614
216
31
897
2
420
279
51
282
50
953
72
955
666
627
232
377
227
248
982
252
957
737
651
694
217
592
639
270
319
258
222
251
400
983
332
970
785
976
825
987
279
632
264
58
962
690
647
693
664
370
261
60
983
860
2
902
34
923
963
33
254
224
409
1000
857
1004
854
987
390
256
233
264
38
268
233
264
636
282
260
347
996
346
276
990
146
241
44
944
26
883
13
930
57
290
986
288
629
267
626
259
99
976
39
213
598
225
251
960
110
956
239
202
225
205
608
264
636
285
361
966
806
976
939
246
226
601
220
189
223
202
240
89
971
829
993
900
509
446
238
953
685
967
788
970
782
960
888
2
874
993
839
953
350
674
961
677
369
683
624
274
625
289
639
270
612
680
642
683
359
982
357
675
961
685
642
683
961
369
970
783
964
827
981
904
989
817
982
354
684
642
686
366
680
642
683
370
680
642
683
356
982
360
205
36
916
6
862
10
912
956
85
218
30
221
607
780
939
779
954
4
987
265
41
269
376
307
627
262
326
962
53
272
629
650
692
649
618
650
692
649
598
639
270
64
211
593
629
262
999
865
987
124
972
934
27
230
202
429
455
580
756
728
400
435
211
171
219
442
368
991
93
985
136
183
230
24
932
999
853
988
860
8
868
13
972
696
650
719
658
696
651
693
748
614
264
289
65
225
202
429
262
626
265
41
253
230
258
231
266
227
259
226
174
206
227
259
226
251
271
617
704
616
260
347
679
793
770
926
767
668
642
674
650
630
674
639
592
783
976
802
983
841
779
891
33
218
158
208
187
211
621
260
297
276
392
263
132
979
281
999
853
992
247
962
249
38
904
980
712
618
285
639
351
966
1004
853
999
893
772
601
197
228
251
398
262
631
879
630
877
629
262
631
932
633
664
630
932
635
667
638
933
641
595
763
962
780
944
768
934
26
913
981
832
979
133
213
106
207
172
219
415
992
852
971
771
963
776
958
744
664
633
613
705
388
708
586
779
941
797
965
766
582
733
763
948
775
942
70
278
975
42
955
763
595
777
937
811
976
65
225
446
579
745
665
769
795
951
713
582
782
583
773
671
631
658
681
769
803
932
761
925
770
690
728
400
251
72
212
112
962
759
672
341
23
342
996
161
15
870
988
125
989
115
980
134
1000
158
11
880
771
667
638
664
632
665
730
400
251
957
250
204
242
51
267
626
232
252
65
211
30
941
14
869
765
786
578
767
597
715
650
694
649
692
650
709
666
628
273
42
955
248
975
855
993
242
103
970
371
683
718
661
610
259
204
426
275
629
700
631
701
632
685
628
692
630
700
631
701
632
685
628
692
630
700
631
701
632
685
628
692
630
700
631
701
632
685
628
692
630
700
631
701
632
685
628
692
630
700
631
701
632
685
628
692
630
700
631
701
632
685
628
692
630
700
631
701
632
685
628
692
630
700
631
701
632
685
628
692
630
700
631
701
632
685
628
692
630
700
631
701
632
685
628
692
630
700
631
701
632
685
628
692
630
700
631
701
632
685
628
692
630
700
631
701
632
685
628
692
630
700
631
701
632
685
628
692
630
700
631
701
632
685
628
692
630
700
631
701
632
685
628
692
630
700
631
701
632
685
628
692
630
700
631
701
632
685
628
692
630
700
631
701
632
685
628
692
630
700
631
701
632
685
628
692
630
700
631
701
632
685
628
692
630
700
631
701
632
685
628
692
630
700
631
701
632
685
628
692
630
700
631
701
632
685
628
692
630
700
631
701
632
685
628
692
630
700
631
701
632
685
628
692
630
700
631
701
632
685
628
692
630
700
631
701
632
685
628
692
630
700
631
701
632
685
628
692
630
700
631
701
632
685
628
692
630
700
631
701
632
685
628
692
630
700
631
701
632
685
628
692
630
700
631
701
632
685
628
692
630
700
631
701
632
685
628
692
630
700
631
701
632
685
628
692
630
700
631
701
632
685
628
692
630
700
631
701
632
685
628
692
630
700
631
701
632
685
628
