4000
390
16
385
35
431
51
422
75
430
39
384
60
410
16
396
1004
375
21
389
32
432
24
436
31
396
60
378
68
383
40
428
53
411
12
436
18
542
956
536
928
614
921
603
912
592
894
576
900
582
894
587
220
609
255
624
284
619
917
513
937
520
994
452
987
533
915
514
981
499
82
379
47
412
52
429
74
410
89
367
81
382
69
376
82
371
693
374
684
362
89
365
114
361
92
427
41
382
47
437
10
413
996
448
979
560
881
502
951
543
954
467
996
533
958
474
69
389
60
406
90
355
677
956
483
992
454
973
511
932
527
904
574
21
433
31
447
997
391
1004
507
960
470
947
523
922
611
904
620
243
616
919
531
962
469
858
161
834
148
803
139
773
617
849
157
827
145
797
136
843
155
823
143
789
160
832
617
285
635
290
608
257
601
921
652
323
58
411
998
446
892
507
14
397
1002
494
880
553
914
606
282
637
933
538
939
669
345
69
394
39
388
34
432
49
378
203
364
163
839
152
818
620
915
550
903
581
837
612
220
360
164
796
621
242
610
775
132
371
90
373
69
492
50
488
2
437
999
445
894
500
877
480
981
462
929
79
336
662
328
657
336
65
426
59
380
81
372
191
914
602
240
26
410
69
930
743
924
202
921
654
786
161
368
132
374
68
377
50
490
879
554
64
934
464
989
483
1002
404
32
395
20
435
883
503
927
517
941
682
956
665
947
685
964
693
951
101
956
675
777
604
911
594
241
592
202
366
216
341
68
350
207
928
72
492
875
478
977
497
871
172
352
204
930
634
791
622
241
593
912
607
817
612
247
31
193
930
730
936
62
558
65
395
38
268
48
902
575
451
995
483
867
173
357
668
781
638
931
641
926
461
991
414
33
436
4
386
34
191
55
290
50
485
862
168
375
83
378
65
491
954
699
946
732
942
761
919
744
912
46
270
37
430
65
316
207
346
83
370
199
893
506
927
734
954
109
961
710
383
707
386
76
331
221
337
653
793
605
788
624
765
676
942
673
781
905
42
274
359
169
856
470
942
530
920
524
896
201
355
85
940
687
944
471
863
167
50
198
914
770
907
586
216
76
924
512
918
614
241
618
918
212
342
81
365
676
356
670
950
522
948
489
992
460
574
413
39
429
90
364
81
366
164
54
297
49
266
329
230
23
877
177
32
199
930
761
626
786
662
945
487
868
170
47
900
204
67
553
61
941
38
398
13
410
988
443
580
906
208
50
192
932
67
162
81
922
734
930
505
572
462
997
439
584
415
990
450
885
453
893
451
561
62
405
10
926
73
968
120
197
891
498
898
203
360
191
595
908
597
191
593
202
594
234
325
276
41
934
789
615
834
612
799
605
802
899
787
882
796
615
766
919
617
242
624
919
612
241
615
742
688
762
916
195
918
609
246
608
780
902
206
33
953
715
949
759
628
738
647
785
636
789
897
51
188
67
153
86
375
33
253
30
237
21
904
771
922
760
947
797
866
806
887
195
81
385
12
399
584
429
581
399
728
638
754
681
781
912
515
567
466
555
61
395
4
400
1000
913
590
240
588
913
585
399
36
901
205
347
227
307
244
604
205
77
330
652
339
79
335
207
20
228
24
241
596
191
380
993
376
211
310
62
912
17
965
122
183
51
195
21
224
54
160
69
146
90
989
376
192
369
83
349
217
47
281
43
883
779
864
475
552
67
550
72
552
61
377
691
372
989
386
60
383
35
402
729
693
781
253
38
889
447
578
401
591
913
598
191
93
950
785
255
304
207
53
925
505
910
566
908
767
430
36
417
988
916
568
919
626
913
567
451
403
982
457
392
35
409
61
393
725
395
982
84
357
210
54
177
70
344
237
34
374
691
370
234
26
206
64
944
714
941
95
1
863
815
889
445
572
906
566
479
535
567
906
565
397
450
900
448
986
409
445
899
33
260
795
259
37
439
29
434
770
610
789
257
36
421
28
427
36
401
980
393
977
108
189
81
963
86
934
760
943
518
940
70
201
362
82
358
205
68
1000
911
498
529
585
391
591
623
773
900
506
921
510
930
37
222
41
911
55
920
768
663
737
630
755
635
730
933
712
930
626
788
618
757
950
699
785
892
803
602
806
618
778
870
832
799
767
934
512
455
585
624
246
621
771
710
950
690
747
656
948
663
955
711
657
950
683
780
252
293
434
312
446
330
202
115
177
129
86
930
632
580
390
28
232
188
96
970
905
43
248
30
924
76
194
365
225
16
222
29
187
86
374
200
352
84
356
292
217
10
218
186
112
960
757
627
671
641
787
256
234
330
297
437
409
62
918
979
885
14
103
136
174
71
196
39
386
1001
376
74
381
39
377
1001
387
75
391
587
446
576
619
761
959
755
908
46
902
784
254
783
669
787
889
35
267
38
896
796
874
25
898
50
892
990
420
63
941
92
936
71
950
59
986
92
959
19
235
29
874
22
226
270
342
213
8
930
629
786
939
829
857
473
544
486
572
466
855
818
880
800
761
937
516
567
632
771
795
408
386
75
397
369
414
434
770
717
662
767
428
408
62
212
52
191
79
973
384
75
380
996
372
212
70
186
52
926
72
953
925
508
578
610
918
613
245
612
918
615
245
617
792
405
371
215
11
216
13
221
18
911
56
918
608
792
404
437
582
458
581
621
792
889
9
925
782
451
780
938
756
928
780
902
944
892
2
870
1
894
806
919
622
246
620
919
754
630
787
658
782
676
619
245
606
918
611
245
610
918
605
245
607
918
601
244
603
918
600
244
608
245
616
766
799
914
821
891
953
918
614
787
636
761
728
702
954
712
627
678
619
567
622
787
922
631
766
627
651
676
753
622
687
739
623
246
621
699
745
613
729
625
920
71
152
128
88
990
907
6
391
978
913
27
922
633
654
718
664
630
765
613
787
620
577
552
519
572
451
783
624
769
800
861
839
885
960
67
212
8
893
998
429
407
985
84
959
75
973
45
891
29
871
920
64
964
1
887
981
898
805
613
792
933
886
832
803
878
796
453
401
76
396
371
265
38
273
52
925
81
158
117
172
101
960
925
898
13
222
333
260
35
241
185
86
191
68
205
55
191
228
248
26
896
22
242
363
208
76
53
262
284
43
265
355
232
316
450
795
449
315
276
200
320
214
337
237
217
188
333
220
356
272
321
233
182
98
191
30
259
34
918
57
956
10
62
104
193
373
968
88
941
59
913
67
181
94
165
122
149
86
196
228
188
58
911
46
70
188
42
265
40
243
37
191
81
952
819
872
848
875
847
917
787
902
790
914
57
11
908
979
916
41
260
40
211
187
108
190
68
9
899
805
869
800
771
791
442
307
224
249
227
188
228
203
376
970
375
410
372
206
227
188
68
950
86
966
70
915
42
950
59
956
50
901
455
797
454
479
511
581
622
592
619
576
453
319
233
259
30
913
53
925
33
431
786
430
33
435
787
434
404
456
388
975
386
406
376
413
456
434
404
442
791
440
404
457
798
892
932
38
943
72
922
1
964
46
911
56
918
505
454
796
439
459
322
264
289
332
262
348
219
188
86
184
104
191
63
914
975
56
953
704
662
641
663
705
623
733
655
707
684
662
347
654
627
763
630
582
453
543
442
583
391
578
458
567
452
316
450
958
449
429
408
443
464
583
453
316
372
397
52
394
597
624
583
453
477
579
631
576
606
577
453
576
596
575
453
576
596
575
453
576
596
575
453
576
596
575
453
576
596
575
453
576
596
575
453
576
596
575
453
576
596
575
453
576
596
575
453
576
596
575
453
576
596
575
453
576
596
575
453
576
596
575
453
576
596
575
453
576
596
575
453
576
596
575
453
576
596
575
453
576
596
575
453
576
596
575
453
576
596
575
453
576
596
575
453
576
596
575
453
576
596
575
453
576
596
575
453
576
596
575
453
576
596
575
453
576
596
575
453
576
596
575
453
576
596
575
453
576
596
575
453
576
596
575
453
576
596
575
453
576
596
575
453
576
596
575
453
576
596
575
453
576
596
575
453
576
596
575
453
576
596
575
453
576
596
575
453
576
596
575
453
576
596
575
453
576
596
575
453
576
596
575
453
576
596
575
453
576
596
575
453
576
596
575
453
576
596
575
453
576
596
575
453
576
596
575
453
576
596
575
453
576
596
575
453
576
596
575
453
576
596
575
453
576
596
575
453
576
596
575
453
576
596
575
453
576
596
575
453
576
596
575
453
576
596
575
453
576
596
575
453
576
596
575
453
576
596
575
453
576
596
575
453
576
596
575
453
576
596
575
453
576
596
575
453
576
596
575
453
576
596
575
453
576
596
575
453
576
596
575
453
576
596
575
453
576
596
575
453
576
596
575
453
576
596
575
453
576
596
575
453
576
596
575
453
576
596
575
453
576
596
575
453
576
596
575
453
576
596
575
453
576
596
575
453
576
596
575
453
576
596
575
453
576
596
575
453
576
596
575
453
576
596
575
453
576
596
575
453
576
596
575
453
576
596
575
453
576
596
575
453
576
596
575
453
576
596
575
453
576
596
575
453
576
596
575
453
576
596
575
453
576
596
575
453
576
596
575
453
576
596
575
453
576
596
575
453
576
596
575
453
576
596
575
453
576
596
575
453
576
596
575
453
576
596
575
453
576
596
575
453
576
596
575
453
576
596
575
453
576
596
575
453
576
596
575
453
576
596
575
453
576
596
575
453
576
596
575
453
576
596
575
453
576
596
575
453
576
596
575
453
576
596
575
453
576
596
575
453
576
596
575
453
576
596
575
453
576
596
575
453
576
596
575
453
576
596
575
453
576
596
575
453
576
596
575
453
576
596
575
453
576
596
575
453
576
596
575
453
576
596
575
453
576
596
575
453
576
596
575
453
576
596
575
453
576
596
575
453
576
596
575
453
576
596
575
453
576
596
575
453
576
596
575
453
576
596
575
453
576
596
575
453
576
596
575
453
576
596
575
453
576
596
575
453
576
596
575
453
576
596
575
453
576
596
575
453
576
596
575
453
576
596
575
453
576
596
575
453
576
596
575
453
576
596
575
453
576
596
575
453
576
596
575
453
576
596
575
453
576
596
575
453
576
596
575
453
576
596
575
453
576
596
575
453
576
596
575
453
576
596
575
453
576
596
575
453
576
596
575
453
576
596
575
453
576
596
575
453
576
596
575
453
576
596
575
453
576
596
575
453
576
596
575
453
576
596
575
453
576
596
575
453
576
596
575
453
576
596
575
453
576
596
575
453
576
596
575
453
576
596
575
453
576
596
575
453
576
596
575
453
576
596
575
453
576
596
575
453
576
596
575
453
576
596
575
453
576
596
575
453
576
596
575
453
576
596
575
453
576
596
575
453
576
596
575
453
576
596
575
453
576
596
575
453
576
596
575
453
576
596
575
453
576
596
575
453
576
596
575
453
576
596
575
453
576
596
575
453
576
596
575
453
576
596
575
453
576
596
575
453
576
596
575
453
576
596
575
453
576
596
575
453
576
596
575
453
576
596
575
453
576
596
575
453
576
596
575
453
576
596
575
453
576
596
575
453
576
596
575
453
576
596
575
453
576
596
575
453
576
596
575
453
576
596
575
453
576
596
575
453
576
596
575
453
576
596
575
453
576
596
575
453
576
596
575
453
576
596
575
453
576
596
575
453
576
596
575
453
576
596
575
453
576
596
575
453
576
596
575
453
576
596
575
453
576
596
575
453
576
596
575
453
576
596
575
453
576
596
575
453
576
596
575
453
576
596
575
453
576
596
575
453
576
596
575
453
576
596
575
453
576
596
575
453
576
596
575
453
576
596
575
453
576
596
575
453
576
596
575
453
576
596
575
453
576
596
575
453
576
596
575
453
576
596
575
453
576
596
575
453
576
596
575
453
576
596
575
453
576
596
575
453
576
596
575
453
576
596
575
453
576
596
575
453
576
596
575
453
576
596
575
453
576
596
575
453
576
596
575
453
576
596
575
453
576
596
575
453
576
596
575
453
576
596
575
453
576
596
575
453
576
596
575
453
576
596
575
453
576
596
575
453
576
596
575
453
576
596
575
453
576
596
575
453
576
596
575
453
576
596
575
453
576
596
575
453
576
596
575
453
576
596
575
453
576
596
575
453
576
596
575
453
576
596
575
453
576
596
575
453
576
596
575
453
576
596
575
453
576
596
575
453
576
596
575
453
576
596
575
453
576
596
575
453
576
596
575
453
576
596
575
453
576
596
575
453
576
596
575
453
576
596
575
453
576
596
575
453
576
596
575
453
576
596
575
453
576
596
575
453
576
596
575
453
576
596
575
453
576
596
575
453
576
596
575
453
576
596
575
453
576
596
575
453
576
596
575
453
576
596
575
453
576
596
575
453
576
596
575
453
576
596
575
453
576
596
575
453
576
596
575
453
576
596
575
453
576
596
575
453
576
596
575
453
576
596
575
453
576
596
575
453
576
596
575
453
576
596
575
453
576
596
575
453
576
596
575
453
576
596
575
453
576
596
575
453
576
596
575
453
576
596
575
453
576
596
575
453
576
596
575
453
576
596
575
453
576
596
575
453
576
596
575
453
576
596
575
453
576
596
575
453
576
596
575
453
576
596
575
453
576
596
575
453
576
596
575
453
576
596
575
453
576
596
575
453
576
596
575
453
576
596
575
453
576
596
575
453
576
596
575
453
576
596
575
453
576
596
575
453
576
596
575
453
576
596
575
453
576
596
575
453
576
596
575
453
576
596
575
453
576
596
575
453
576
596
575
453
576
596
575
453
576
596
575
453
576
596
575
453
576
596
575
453
576
596
575
453
576
596
575
453
576
596
575
453
576
596
575
453
576
596
575
453
576
596
575
453
576
596
575
453
576
596
575
453
576
596
575
453
576
596
575
453
576
596
575
453
576
596
575
453
576
596
575
453
576
596
575
453
576
596
575
453
576
596
575
453
576
596
575
453
576
596
575
453
576
596
575
453
576
596
575
453
576
596
575
453
576
596
575
453
576
596
575
453
576
596
575
453
576
596
575
453
576
596
575
453
576
596
575
453
576
596
575
453
576
596
575
453
576
596
575
453
576
596
575
453
576
596
575
453
576
596
575
453
576
596
575
453
576
596
575
453
576
596
575
453
576
596
575
453
576
596
575
453
576
596
575
453
576
596
575
453
576
596
575
453
576
596
575
453
576
596
575
453
576
596
575
453
576
596
575
453
576
596
575
453
576
596
575
453
576
596
575
453
576
596
575
453
576
596
575
453
576
596
575
453
576
596
575
453
576
596
575
453
576
596
575
453
576
596
575
453
576
596
575
453
576
596
575
453
576
596
575
453
576
596
575
453
576
596
575
453
576
596
575
453
576
596
575
453
576
596
575
453
576
596
575
453
576
596
575
453
576
596
575
453
576
596
575
453
576
596
575
453
576
596
575
453
576
596
575
453
576
596
575
453
576
596
575
453
576
596
575
453
576
596
575
453
576
596
575
453
576
596
575
453
576
596
575
453
576
596
575
453
576
596
575
453
576
596
575
453
576
596
575
453
576
596
575
453
576
596
575
453
576
596
575
453
576
596
575
453
576
596
575
453
576
596
575
453
576
596
575
453
576
596
575
453
576
596
575
453
576
596
575
453
576
596
575
453
576
596
575
453
576
596
575
453
576
596
575
453
576
596
575
453
576
596
575
453
576
596
575
453
576
596
575
453
576
596
575
453
576
596
575
453
576
596
575
453
576
596
575
453
576
596
575
453
576
596
575
453
576
596
575
453
576
596
575
453
576
596
575
453
576
596
575
453
576
596
575
453
576
596
575
453
576
596
575
453
576
596
575
453
576
596
575
453
576
596
575
453
576
596
575
453
576
596
575
453
576
596
575
453
576
596
575
453
576
596
575
453
576
596
575
453
576
596
575
453
576
596
575
453
576
596
575
453
576
596
575
453
576
596
575
453
576
596
575
453
576
596
575
453
576
596
575
453
576
596
575
453
576
596
575
453
576
596
575
453
576
596
575
453
576
596
575
453
576
596
575
453
576
596
575
453
576
596
575
453
576
596
575
453
576
596
575
453
576
596
575
453
576
596
575
453
576
596
575
453
576
596
575
453
576
596
575
453
576
596
575
453
576
596
575
453
576
596
575
453
576
596
575
453
576
596
575
453
576
596
575
453
576
596
575
453
576
596
575
453
576
596
575
453
576
596
575
453
576
596
575
453
576
596
575
453
576
596
575
453
576
596
575
453
576
596
575
453
576
596
575
453
576
596
575
453
576
596
575
453
576
596
575
453
576
596
575
453
576
596
575
453
576
596
575
453
576
596
575
453
576
596
575
453
576
596
575
453
576
596
575
453
576
596
575
453
576
596
575
453
576
596
575
453
576
596
575
453
576
596
575
453
576
596
575
453
576
596
575
453
576
596
575
453
576
596
575
453
576
596
575
453
576
596
575
453
576
596
575
453
576
596
575
453
576
596
575
453
576
596
575
453
576
596
575
453
576
596
575
453
576
596
575
453
576
596
575
453
576
596
575
453
576
596
575
453
576
596
575
453
576
596
575
453
576
596
575
453
576
596
575
453
576
596
575
453
576
596
575
453
576
596
575
453
576
596
575
453
576
596
575
453
576
596
575
453
576
596
575
453
576
596
575
453
576
596
575
453
576
596
575
453
576
596
575
453
576
596
575
453
576
596
575
453
576
596
575
453
576
596
575
453
576
596
575
453
576
596
575
453
576
596
575
453
576
596
575
453
576
596
575
453
576
596
575
453
576
596
575
453
576
596
575
453
576
596
575
453
576
596
575
453
576
596
575
453
576
596
575
453
576
596
575
453
576
596
575
453
576
596
575
453
576
596
575
453
576
596
575
453
576
596
575
453
576
596
575
453
576
596
575
453
576
596
575
453
576
596
575
453
576
596
575
453
576
596
575
453
576
596
575
453
576
596
575
453
576
596
575
453
576
596
575
453
576
596
575
453
576
596
575
453
576
596
575
453
576
596
575
453
576
596
575
453
576
596
575
453
576
596
575
453
576
596
575
453
576
596
575
453
576
596
575
453
576
596
575
453
576
596
575
453
576
596
575
453
576
596
575
453
576
596
575
453
576
596
575
453
576
596
575
453
576
596
575
453
