2000
411
23
432
49
409
24
430
51
408
27
392
53
406
28
429
1
536
942
515
911
454
950
512
984
505
961
472
908
517
940
537
1001
433
22
442
1
418
23
441
46
379
704
279
635
297
652
307
633
299
716
264
635
286
711
376
53
399
32
387
54
373
681
356
713
265
622
930
522
902
579
889
491
953
510
1003
504
986
470
910
516
941
525
901
581
887
585
901
539
939
485
957
473
980
382
700
370
55
386
33
380
701
273
638
261
724
276
637
262
718
369
56
365
62
360
685
352
752
187
809
169
791
255
780
172
799
192
836
168
813
186
761
336
632
309
622
287
709
378
53
427
29
403
5
502
869
478
926
544
900
526
927
623
224
791
189
848
163
820
183
767
346
743
293
616
930
447
20
443
997
469
965
498
990
466
902
575
889
507
955
489
968
460
20
434
998
465
916
552
973
353
682
371
54
398
33
423
54
375
679
221
792
254
931
521
904
574
979
459
969
488
866
503
2
409
26
430
1004
501
893
603
209
785
257
639
940
645
291
634
298
615
317
632
940
482
958
671
212
783
216
613
321
753
165
802
183
839
160
814
266
698
383
37
379
51
346
59
368
970
478
945
514
948
252
786
174
805
195
607
221
783
260
725
392
697
385
36
249
935
540
887
527
897
545
886
553
920
607
300
714
374
705
237
936
518
907
440
48
417
5
387
678
957
506
922
238
731
281
633
333
665
960
475
919
609
228
726
259
790
170
1004
419
989
467
1
161
852
152
825
180
765
191
796
163
586
195
597
912
442
1001
423
12
414
747
157
842
145
826
131
772
215
773
177
592
215
914
511
951
453
995
452
954
508
879
634
937
641
271
722
394
29
388
4
404
733
284
637
274
938
253
932
520
906
531
894
436
999
464
898
532
950
666
331
758
173
823
154
5
141
829
200
584
227
790
204
819
185
763
341
975
700
375
70
333
650
938
223
910
211
832
147
9
400
30
402
734
242
925
445
996
162
837
130
10
497
994
412
13
125
853
138
806
194
598
919
523
929
257
798
196
613
237
784
176
745
347
970
457
917
208
613
921
624
292
946
269
644
305
61
366
757
174
746
299
619
212
594
183
750
165
739
296
79
332
663
349
968
687
362
62
344
971
477
874
492
967
359
688
958
676
347
664
961
674
365
662
313
56
397
721
308
58
261
795
197
17
447
899
435
909
516
892
542
885
637
267
938
236
943
514
975
330
667
958
451
990
350
715
986
130
347
41
265
953
691
290
647
938
541
890
634
313
605
242
801
258
63
286
625
275
595
914
554
74
343
974
471
909
555
919
239
50
312
977
491
862
155
998
534
905
583
144
586
223
944
643
338
78
548
884
538
879
480
932
245
625
315
956
683
370
977
326
652
936
520
922
551
76
341
63
337
671
357
662
964
119
572
98
573
97
323
655
868
495
62
509
69
496
946
280
608
192
783
210
602
244
586
153
580
905
439
60
317
57
267
37
372
703
948
513
903
653
325
93
255
930
250
954
680
378
38
246
956
486
876
631
292
48
246
98
302
629
277
925
488
873
646
939
518
933
444
892
642
945
656
315
705
389
717
263
927
460
911
46
318
604
200
591
276
81
289
735
400
743
416
9
180
774
217
783
219
621
284
928
728
387
987
503
69
916
530
954
462
918
224
788
258
590
174
775
185
779
176
762
186
781
187
782
177
756
419
4
496
861
211
596
192
786
193
785
192
786
193
785
192
786
193
785
192
786
193
785
192
786
193
785
192
786
193
785
192
786
193
785
192
786
193
785
192
786
193
785
192
786
193
785
192
786
193
785
192
786
193
785
192
786
193
785
192
786
193
785
192
786
193
785
192
786
193
785
192
786
193
785
192
786
193
785
192
786
193
785
192
786
193
785
192
786
193
785
192
786
193
785
192
786
193
785
192
786
193
785
192
786
193
785
192
786
193
785
192
786
193
785
192
786
193
785
192
786
193
785
192
786
193
785
192
786
193
785
192
786
193
785
192
786
193
785
192
786
193
785
192
786
193
785
192
786
193
785
192
786
193
785
192
786
193
785
192
786
193
785
192
786
193
785
192
786
193
785
192
786
193
785
192
786
193
785
192
786
193
785
192
786
193
785
192
786
193
785
192
786
193
785
192
786
193
785
192
786
193
785
192
786
193
785
192
786
193
785
192
786
193
785
192
786
193
785
192
786
193
785
192
786
193
785
192
786
193
785
192
786
193
785
192
786
193
785
192
786
193
785
192
786
193
785
192
786
193
785
192
786
193
785
192
786
193
785
192
786
193
785
192
786
193
785
192
786
193
785
192
786
193
785
192
786
193
785
192
786
193
785
192
786
193
785
192
786
193
785
192
786
193
785
192
786
193
785
192
786
193
785
192
786
193
785
192
786
193
785
192
786
193
785
192
786
193
785
192
786
193
785
192
786
193
785
192
786
193
785
192
786
193
785
192
786
193
785
192
786
193
785
192
786
193
785
192
786
193
785
192
786
193
785
192
786
193
785
192
786
193
785
192
786
193
785
192
786
193
785
192
786
193
785
192
786
193
785
192
786
193
785
192
786
193
785
192
786
193
785
192
786
193
785
192
786
193
785
192
786
193
785
192
786
193
785
192
786
193
785
192
786
193
785
192
786
193
785
192
786
193
785
192
786
193
785
192
786
193
785
192
786
193
785
192
786
193
785
192
786
193
785
192
786
193
785
192
786
193
785
192
786
193
785
192
786
193
785
192
786
193
785
192
786
193
785
192
786
193
785
192
786
193
785
192
786
193
785
192
786
193
785
192
786
193
785
192
786
193
785
192
786
193
785
192
786
193
785
192
786
193
785
192
786
193
785
192
786
193
785
192
786
193
785
192
786
193
785
192
786
193
785
192
786
193
785
192
786
193
785
192
786
193
785
192
786
193
785
192
786
193
785
192
786
193
785
192
786
193
785
192
786
193
785
192
786
193
785
192
786
193
785
192
786
193
785
192
786
193
785
192
786
193
785
192
786
193
785
192
786
193
785
192
786
193
785
192
786
193
785
192
786
193
785
192
786
193
785
192
786
193
785
192
786
193
785
192
786
193
785
192
786
193
785
192
786
193
785
192
786
193
785
192
786
193
785
192
786
193
785
192
786
193
785
192
786
193
785
192
786
193
785
192
786
193
785
192
786
193
785
192
786
193
785
192
786
193
785
192
786
193
785
192
786
193
785
192
786
193
785
192
786
193
785
192
786
193
785
192
786
193
785
192
786
193
785
192
786
193
785
192
786
193
785
192
786
193
785
192
786
193
785
192
786
193
785
192
786
193
785
192
786
193
785
192
786
193
785
192
786
193
785
192
786
193
785
192
786
193
785
192
786
193
785
192
786
193
785
192
786
193
785
192
786
193
785
192
786
193
785
192
786
193
785
192
786
193
785
192
786
193
785
192
786
193
785
192
786
193
785
192
786
193
785
192
786
193
785
192
786
193
785
192
786
193
785
192
786
193
785
192
786
193
785
192
786
193
785
192
786
193
785
192
786
193
785
192
786
193
785
192
786
193
785
192
786
193
785
192
786
193
785
192
786
193
785
192
786
193
785
192
786
193
785
192
786
193
785
192
786
193
785
192
786
193
785
192
786
193
785
192
786
193
785
192
786
193
785
192
786
193
785
192
786
193
785
192
786
193
785
192
786
193
785
192
786
193
785
192
786
193
785
192
786
193
785
192
786
193
785
192
786
193
785
192
786
193
785
192
786
193
785
192
786
193
785
192
786
193
785
192
786
193
785
192
786
193
785
192
786
193
785
192
786
193
785
192
786
193
785
192
786
193
785
192
786
193
785
192
786
193
785
192
786
193
785
192
786
193
785
192
786
193
785
192
786
193
785
192
786
193
785
192
786
193
785
192
786
193
785
192
786
193
785
192
786
193
785
192
786
193
785
192
786
193
785
192
786
193
785
192
786
193
785
192
786
193
785
192
786
193
785
192
786
193
785
192
786
193
785
192
786
193
785
192
786
193
785
192
786
193
785
192
786
193
785
192
786
193
785
192
786
193
785
192
786
193
785
192
786
193
785
192
786
193
785
192
786
193
785
192
786
193
785
192
786
193
785
192
786
193
785
192
786
193
785
192
786
193
785
192
786
193
785
192
786
193
785
192
786
193
785
192
786
193
785
192
786
193
785
192
786
193
785
192
786
193
785
192
786
193
785
192
786
193
785
192
786
193
785
192
786
193
785
192
786
193
785
192
786
193
785
192
786
193
785
192
786
193
785
192
786
193
785
192
786
193
785
192
786
193
785
192
786
193
785
192
786
193
785
192
786
193
785
192
786
193
785
192
786
193
785
192
786
193
785
192
786
193
785
192
786
193
785
192
786
193
785
192
786
193
785
192
786
193
785
192
786
193
785
192
786
193
785
192
786
193
785
192
786
193
785
192
786
193
785
192
786
193
785
192
786
193
785
192
786
193
785
192
786
193
785
192
786
193
785
192
786
193
785
192
786
193
785
192
786
193
785
192
786
193
785
192
786
193
785
192
786
193
785
192
786
193
785
192
786
193
785
192
786
193
